timeSinceBoot,Stage1 TempC,Stage1 Modeled TempC,Stage1 Expected TempC,Stage1 Target TempC,Stage1 Thermocouple TempC,Stage1 Heatsink,Stage1 Alternate1 Thermocouple TempC
385.983,20.74,24.0,0.0,62.0,,20.91,
385.983,20.74,24.0,0.0,62.0,,20.91,
385.983,20.74,24.0,0.0,62.0,,20.91,
385.983,20.74,24.0,0.0,62.0,,20.91,
385.983,20.74,24.0,0.0,62.0,,20.91,
386.133,20.75,24.0,0.0,62.0,,20.92,
386.133,20.75,24.0,0.0,62.0,,20.92,
386.133,20.75,24.0,0.0,62.0,,20.92,
386.133,20.75,24.0,0.0,62.0,,20.92,
386.133,20.75,24.0,0.0,62.0,,20.92,
386.287,20.88,24.0,0.0,62.0,,20.91,
386.287,20.88,24.0,0.0,62.0,,20.91,
386.287,20.88,24.0,0.0,62.0,,20.91,
386.287,20.88,24.0,0.0,62.0,,20.91,
386.287,20.88,24.0,0.0,62.0,,20.91,
386.432,21.46,24.0,0.0,62.0,17.89,20.9,18.72
386.432,21.46,24.0,0.0,62.0,17.89,20.9,18.72
386.432,21.46,24.0,0.0,62.0,17.89,20.9,18.72
386.432,21.46,24.0,0.0,62.0,17.89,20.9,18.72
386.432,21.46,24.0,0.0,62.0,17.89,20.9,18.72
386.432,21.46,24.0,0.0,62.0,17.89,20.9,18.72
386.432,21.46,24.0,0.0,62.0,17.89,20.9,18.72
386.582,22.19,24.0,0.0,62.0,,20.87,
386.582,22.19,24.0,0.0,62.0,,20.87,
386.582,22.19,24.0,0.0,62.0,,20.87,
386.582,22.19,24.0,0.0,62.0,,20.87,
386.582,22.19,24.0,0.0,62.0,,20.87,
386.776,23.07,24.0,0.0,62.0,,20.84,
386.776,23.07,24.0,0.0,62.0,,20.84,
386.776,23.07,24.0,0.0,62.0,,20.84,
386.776,23.07,24.0,0.0,62.0,,20.84,
386.776,23.07,24.0,0.0,62.0,,20.84,
386.917,24.35,24.0,0.0,62.0,,20.79,
386.917,24.35,24.0,0.0,62.0,,20.79,
386.917,24.35,24.0,0.0,62.0,,20.79,
386.917,24.35,24.0,0.0,62.0,,20.79,
386.917,24.35,24.0,0.0,62.0,,20.79,
386.975,,,,,17.92,,18.68
386.975,,,,,17.92,,18.68
387.066,26.12,24.0,0.0,62.0,,20.71,
387.066,26.12,24.0,0.0,62.0,,20.71,
387.066,26.12,24.0,0.0,62.0,,20.71,
387.066,26.12,24.0,0.0,62.0,,20.71,
387.066,26.12,24.0,0.0,62.0,,20.71,
387.217,27.34,24.0,0.0,62.0,,20.65,
387.217,27.34,24.0,0.0,62.0,,20.65,
387.217,27.34,24.0,0.0,62.0,,20.65,
387.217,27.34,24.0,0.0,62.0,,20.65,
387.217,27.34,24.0,0.0,62.0,,20.65,
387.367,28.58,24.0,0.0,62.0,,20.58,
387.367,28.58,24.0,0.0,62.0,,20.58,
387.367,28.58,24.0,0.0,62.0,,20.58,
387.367,28.58,24.0,0.0,62.0,,20.58,
387.367,28.58,24.0,0.0,62.0,,20.58,
387.517,30.28,24.0,0.0,62.0,17.9,20.49,18.71
387.517,30.28,24.0,0.0,62.0,17.9,20.49,18.71
387.517,30.28,24.0,0.0,62.0,17.9,20.49,18.71
387.517,30.28,24.0,0.0,62.0,17.9,20.49,18.71
387.517,30.28,24.0,0.0,62.0,17.9,20.49,18.71
387.517,30.28,24.0,0.0,62.0,17.9,20.49,18.71
387.517,30.28,24.0,0.0,62.0,17.9,20.49,18.71
387.666,31.55,24.0,0.0,62.0,,20.42,
387.666,31.55,24.0,0.0,62.0,,20.42,
387.666,31.55,24.0,0.0,62.0,,20.42,
387.666,31.55,24.0,0.0,62.0,,20.42,
387.666,31.55,24.0,0.0,62.0,,20.42,
387.817,32.83,24.0,0.0,62.0,,20.36,
387.817,32.83,24.0,0.0,62.0,,20.36,
387.817,32.83,24.0,0.0,62.0,,20.36,
387.817,32.83,24.0,0.0,62.0,,20.36,
387.817,32.83,24.0,0.0,62.0,,20.36,
387.967,34.52,24.0,0.0,62.0,,20.26,
387.967,34.52,24.0,0.0,62.0,,20.26,
387.967,34.52,24.0,0.0,62.0,,20.26,
387.967,34.52,24.0,0.0,62.0,,20.26,
387.967,34.52,24.0,0.0,62.0,,20.26,
388.117,35.77,24.0,0.0,62.0,,20.19,
388.117,35.77,24.0,0.0,62.0,,20.19,
388.117,35.77,24.0,0.0,62.0,,20.19,
388.117,35.77,24.0,0.0,62.0,,20.19,
388.117,35.77,24.0,0.0,62.0,,20.19,
388.203,,,,,17.9,,18.7
388.203,,,,,17.9,,18.7
388.267,37.03,24.0,0.0,62.0,,20.12,
388.267,37.03,24.0,0.0,62.0,,20.12,
388.267,37.03,24.0,0.0,62.0,,20.12,
388.267,37.03,24.0,0.0,62.0,,20.12,
388.267,37.03,24.0,0.0,62.0,,20.12,
388.417,38.66,24.0,0.0,62.0,,20.04,
388.417,38.66,24.0,0.0,62.0,,20.04,
388.417,38.66,24.0,0.0,62.0,,20.04,
388.417,38.66,24.0,0.0,62.0,,20.04,
388.417,38.66,24.0,0.0,62.0,,20.04,
388.567,39.87,24.0,0.0,62.0,,19.97,
388.567,39.87,24.0,0.0,62.0,,19.97,
388.567,39.87,24.0,0.0,62.0,,19.97,
388.567,39.87,24.0,0.0,62.0,,19.97,
388.567,39.87,24.0,0.0,62.0,,19.97,
388.717,41.07,24.0,0.0,62.0,17.86,19.91,18.7
388.717,41.07,24.0,0.0,62.0,17.86,19.91,18.7
388.717,41.07,24.0,0.0,62.0,17.86,19.91,18.7
388.717,41.07,24.0,0.0,62.0,17.86,19.91,18.7
388.717,41.07,24.0,0.0,62.0,17.86,19.91,18.7
388.717,41.07,24.0,0.0,62.0,17.86,19.91,18.7
388.717,41.07,24.0,0.0,62.0,17.86,19.91,18.7
388.867,42.64,24.0,0.0,62.0,,19.83,
388.867,42.64,24.0,0.0,62.0,,19.83,
388.867,42.64,24.0,0.0,62.0,,19.83,
388.867,42.64,24.0,0.0,62.0,,19.83,
388.867,42.64,24.0,0.0,62.0,,19.83,
389.016,43.8,24.0,0.0,62.0,,19.77,
389.016,43.8,24.0,0.0,62.0,,19.77,
389.016,43.8,24.0,0.0,62.0,,19.77,
389.016,43.8,24.0,0.0,62.0,,19.77,
389.016,43.8,24.0,0.0,62.0,,19.77,
389.167,44.94,24.0,0.0,62.0,,19.71,
389.167,44.94,24.0,0.0,62.0,,19.71,
389.167,44.94,24.0,0.0,62.0,,19.71,
389.167,44.94,24.0,0.0,62.0,,19.71,
389.167,44.94,24.0,0.0,62.0,,19.71,
389.316,46.45,24.0,0.0,62.0,17.96,19.64,18.83
389.316,46.45,24.0,0.0,62.0,17.96,19.64,18.83
389.316,46.45,24.0,0.0,62.0,17.96,19.64,18.83
389.316,46.45,24.0,0.0,62.0,17.96,19.64,18.83
389.316,46.45,24.0,0.0,62.0,17.96,19.64,18.83
389.316,46.45,24.0,0.0,62.0,17.96,19.64,18.83
389.316,46.45,24.0,0.0,62.0,17.96,19.64,18.83
389.467,47.56,24.0,0.0,62.0,,19.58,
389.467,47.56,24.0,0.0,62.0,,19.58,
389.467,47.56,24.0,0.0,62.0,,19.58,
389.467,47.56,24.0,0.0,62.0,,19.58,
389.467,47.56,24.0,0.0,62.0,,19.58,
389.617,48.65,24.0,0.0,62.0,,19.53,
389.617,48.65,24.0,0.0,62.0,,19.53,
389.617,48.65,24.0,0.0,62.0,,19.53,
389.617,48.65,24.0,0.0,62.0,,19.53,
389.617,48.65,24.0,0.0,62.0,,19.53,
389.772,50.07,24.0,0.0,62.0,,19.46,
389.772,50.07,24.0,0.0,62.0,,19.46,
389.772,50.07,24.0,0.0,62.0,,19.46,
389.772,50.07,24.0,0.0,62.0,,19.46,
389.772,50.07,24.0,0.0,62.0,,19.46,
389.916,51.14,24.0,0.0,62.0,17.95,19.41,18.84
389.916,51.14,24.0,0.0,62.0,17.95,19.41,18.84
389.916,51.14,24.0,0.0,62.0,17.95,19.41,18.84
389.916,51.14,24.0,0.0,62.0,17.95,19.41,18.84
389.916,51.14,24.0,0.0,62.0,17.95,19.41,18.84
389.916,51.14,24.0,0.0,62.0,17.95,19.41,18.84
389.916,51.14,24.0,0.0,62.0,17.95,19.41,18.84
390.067,52.18,24.0,0.0,62.0,,19.36,
390.067,52.18,24.0,0.0,62.0,,19.36,
390.067,52.18,24.0,0.0,62.0,,19.36,
390.067,52.18,24.0,0.0,62.0,,19.36,
390.067,52.18,24.0,0.0,62.0,,19.36,
390.217,53.54,24.0,0.0,62.0,,19.3,
390.217,53.54,24.0,0.0,62.0,,19.3,
390.217,53.54,24.0,0.0,62.0,,19.3,
390.217,53.54,24.0,0.0,62.0,,19.3,
390.217,53.54,24.0,0.0,62.0,,19.3,
390.368,54.55,24.0,0.0,62.0,,19.25,
390.368,54.55,24.0,0.0,62.0,,19.25,
390.368,54.55,24.0,0.0,62.0,,19.25,
390.368,54.55,24.0,0.0,62.0,,19.25,
390.368,54.55,24.0,0.0,62.0,,19.25,
390.518,55.53,24.0,0.0,62.0,17.94,19.21,18.89
390.518,55.53,24.0,0.0,62.0,17.94,19.21,18.89
390.518,55.53,24.0,0.0,62.0,17.94,19.21,18.89
390.518,55.53,24.0,0.0,62.0,17.94,19.21,18.89
390.518,55.53,24.0,0.0,62.0,17.94,19.21,18.89
390.518,55.53,24.0,0.0,62.0,17.94,19.21,18.89
390.518,55.53,24.0,0.0,62.0,17.94,19.21,18.89
390.668,56.84,24.0,0.0,62.0,,19.16,
390.668,56.84,24.0,0.0,62.0,,19.16,
390.668,56.84,24.0,0.0,62.0,,19.16,
390.668,56.84,24.0,0.0,62.0,,19.16,
390.668,56.84,24.0,0.0,62.0,,19.16,
390.817,57.8,24.0,0.0,62.0,,19.12,
390.817,57.8,24.0,0.0,62.0,,19.12,
390.817,57.8,24.0,0.0,62.0,,19.12,
390.817,57.8,24.0,0.0,62.0,,19.12,
390.817,57.8,24.0,0.0,62.0,,19.12,
390.968,58.74,24.09,0.0,62.0,,19.08,
390.968,58.74,24.09,0.0,62.0,,19.08,
390.968,58.74,24.09,0.0,62.0,,19.08,
390.968,58.74,24.09,0.0,62.0,,19.08,
390.968,58.74,24.09,0.0,62.0,,19.08,
391.118,59.97,24.2,0.0,62.0,17.9,19.03,19.03
391.118,59.97,24.2,0.0,62.0,17.9,19.03,19.03
391.118,59.97,24.2,0.0,62.0,17.9,19.03,19.03
391.118,59.97,24.2,0.0,62.0,17.9,19.03,19.03
391.118,59.97,24.2,0.0,62.0,17.9,19.03,19.03
391.118,59.97,24.2,0.0,62.0,17.9,19.03,19.03
391.118,59.97,24.2,0.0,62.0,17.9,19.03,19.03
391.268,60.88,24.32,0.0,62.0,,18.99,
391.268,60.88,24.32,0.0,62.0,,18.99,
391.268,60.88,24.32,0.0,62.0,,18.99,
391.268,60.88,24.32,0.0,62.0,,18.99,
391.268,60.88,24.32,0.0,62.0,,18.99,
391.419,61.79,24.45,0.0,62.0,,18.96,
391.419,61.79,24.45,0.0,62.0,,18.96,
391.419,61.79,24.45,0.0,62.0,,18.96,
391.419,61.79,24.45,0.0,62.0,,18.96,
391.419,61.79,24.45,0.0,62.0,,18.96,
391.568,62.95,24.58,0.0,62.0,,18.91,
391.568,62.95,24.58,0.0,62.0,,18.91,
391.568,62.95,24.58,0.0,62.0,,18.91,
391.568,62.95,24.58,0.0,62.0,,18.91,
391.568,62.95,24.58,0.0,62.0,,18.91,
391.718,63.82,24.72,0.0,62.0,17.86,18.87,19.12
391.718,63.82,24.72,0.0,62.0,17.86,18.87,19.12
391.718,63.82,24.72,0.0,62.0,17.86,18.87,19.12
391.718,63.82,24.72,0.0,62.0,17.86,18.87,19.12
391.718,63.82,24.72,0.0,62.0,17.86,18.87,19.12
391.718,63.82,24.72,0.0,62.0,17.86,18.87,19.12
391.718,63.82,24.72,0.0,62.0,17.86,18.87,19.12
391.868,64.68,24.86,0.0,62.0,,18.83,
391.868,64.68,24.86,0.0,62.0,,18.83,
391.868,64.68,24.86,0.0,62.0,,18.83,
391.868,64.68,24.86,0.0,62.0,,18.83,
391.868,64.68,24.86,0.0,62.0,,18.83,
392.018,65.81,25.02,0.0,62.0,,18.8,
392.018,65.81,25.02,0.0,62.0,,18.8,
392.018,65.81,25.02,0.0,62.0,,18.8,
392.018,65.81,25.02,0.0,62.0,,18.8,
392.018,65.81,25.02,0.0,62.0,,18.8,
392.168,66.63,25.17,0.0,62.0,,18.77,
392.168,66.63,25.17,0.0,62.0,,18.77,
392.168,66.63,25.17,0.0,62.0,,18.77,
392.168,66.63,25.17,0.0,62.0,,18.77,
392.168,66.63,25.17,0.0,62.0,,18.77,
392.318,67.45,25.33,0.0,62.0,17.95,18.73,19.26
392.318,67.45,25.33,0.0,62.0,17.95,18.73,19.26
392.318,67.45,25.33,0.0,62.0,17.95,18.73,19.26
392.318,67.45,25.33,0.0,62.0,17.95,18.73,19.26
392.318,67.45,25.33,0.0,62.0,17.95,18.73,19.26
392.318,67.45,25.33,0.0,62.0,17.95,18.73,19.26
392.318,67.45,25.33,0.0,62.0,17.95,18.73,19.26
392.468,68.52,25.5,0.0,62.0,,18.7,
392.468,68.52,25.5,0.0,62.0,,18.7,
392.468,68.52,25.5,0.0,62.0,,18.7,
392.468,68.52,25.5,0.0,62.0,,18.7,
392.468,68.52,25.5,0.0,62.0,,18.7,
392.618,69.3,25.67,0.0,62.0,,18.67,
392.618,69.3,25.67,0.0,62.0,,18.67,
392.618,69.3,25.67,0.0,62.0,,18.67,
392.618,69.3,25.67,0.0,62.0,,18.67,
392.618,69.3,25.67,0.0,62.0,,18.67,
392.768,70.07,25.85,0.0,62.0,,18.64,
392.768,70.07,25.85,0.0,62.0,,18.64,
392.768,70.07,25.85,0.0,62.0,,18.64,
392.768,70.07,25.85,0.0,62.0,,18.64,
392.768,70.07,25.85,0.0,62.0,,18.64,
392.919,71.11,26.04,0.0,62.0,17.89,18.59,19.34
392.919,71.11,26.04,0.0,62.0,17.89,18.59,19.34
392.919,71.11,26.04,0.0,62.0,17.89,18.59,19.34
392.919,71.11,26.04,0.0,62.0,17.89,18.59,19.34
392.919,71.11,26.04,0.0,62.0,17.89,18.59,19.34
392.919,71.11,26.04,0.0,62.0,17.89,18.59,19.34
392.919,71.11,26.04,0.0,62.0,17.89,18.59,19.34
393.068,71.87,26.22,0.0,62.0,,18.58,
393.068,71.87,26.22,0.0,62.0,,18.58,
393.068,71.87,26.22,0.0,62.0,,18.58,
393.068,71.87,26.22,0.0,62.0,,18.58,
393.068,71.87,26.22,0.0,62.0,,18.58,
393.218,72.63,26.41,0.0,62.0,,18.55,
393.218,72.63,26.41,0.0,62.0,,18.55,
393.218,72.63,26.41,0.0,62.0,,18.55,
393.218,72.63,26.41,0.0,62.0,,18.55,
393.218,72.63,26.41,0.0,62.0,,18.55,
393.37,73.58,26.61,0.0,62.0,,18.52,
393.37,73.58,26.61,0.0,62.0,,18.52,
393.37,73.58,26.61,0.0,62.0,,18.52,
393.37,73.58,26.61,0.0,62.0,,18.52,
393.37,73.58,26.61,0.0,62.0,,18.52,
393.519,74.31,26.81,0.0,62.0,18.19,18.5,19.66
393.519,74.31,26.81,0.0,62.0,18.19,18.5,19.66
393.519,74.31,26.81,0.0,62.0,18.19,18.5,19.66
393.519,74.31,26.81,0.0,62.0,18.19,18.5,19.66
393.519,74.31,26.81,0.0,62.0,18.19,18.5,19.66
393.519,74.31,26.81,0.0,62.0,18.19,18.5,19.66
393.519,74.31,26.81,0.0,62.0,18.19,18.5,19.66
393.669,75.0,27.0,0.0,62.0,,18.47,
393.669,75.0,27.0,0.0,62.0,,18.47,
393.669,75.0,27.0,0.0,62.0,,18.47,
393.669,75.0,27.0,0.0,62.0,,18.47,
393.669,75.0,27.0,0.0,62.0,,18.47,
393.821,75.92,27.22,0.0,62.0,,18.45,
393.821,75.92,27.22,0.0,62.0,,18.45,
393.821,75.92,27.22,0.0,62.0,,18.45,
393.821,75.92,27.22,0.0,62.0,,18.45,
393.821,75.92,27.22,0.0,62.0,,18.45,
393.97,76.6,27.43,0.0,62.0,,18.43,
393.97,76.6,27.43,0.0,62.0,,18.43,
393.97,76.6,27.43,0.0,62.0,,18.43,
393.97,76.6,27.43,0.0,62.0,,18.43,
393.97,76.6,27.43,0.0,62.0,,18.43,
394.12,77.25,27.64,0.0,62.0,19.04,18.41,19.85
394.12,77.25,27.64,0.0,62.0,19.04,18.41,19.85
394.12,77.25,27.64,0.0,62.0,19.04,18.41,19.85
394.12,77.25,27.64,0.0,62.0,19.04,18.41,19.85
394.12,77.25,27.64,0.0,62.0,19.04,18.41,19.85
394.12,77.25,27.64,0.0,62.0,19.04,18.41,19.85
394.12,77.25,27.64,0.0,62.0,19.04,18.41,19.85
394.272,78.14,27.87,0.0,62.0,,18.39,
394.272,78.14,27.87,0.0,62.0,,18.39,
394.272,78.14,27.87,0.0,62.0,,18.39,
394.272,78.14,27.87,0.0,62.0,,18.39,
394.272,78.14,27.87,0.0,62.0,,18.39,
394.421,78.77,28.08,0.0,62.0,,18.38,
394.421,78.77,28.08,0.0,62.0,,18.38,
394.421,78.77,28.08,0.0,62.0,,18.38,
394.421,78.77,28.08,0.0,62.0,,18.38,
394.421,78.77,28.08,0.0,62.0,,18.38,
394.571,79.41,28.3,0.0,62.0,,18.37,
394.571,79.41,28.3,0.0,62.0,,18.37,
394.571,79.41,28.3,0.0,62.0,,18.37,
394.571,79.41,28.3,0.0,62.0,,18.37,
394.571,79.41,28.3,0.0,62.0,,18.37,
394.723,80.26,28.55,0.0,62.0,,18.35,
394.723,80.26,28.55,0.0,62.0,,18.35,
394.723,80.26,28.55,0.0,62.0,,18.35,
394.723,80.26,28.55,0.0,62.0,,18.35,
394.723,80.26,28.55,0.0,62.0,,18.35,
394.775,,,,,21.13,,19.99
394.775,,,,,21.13,,19.99
394.872,80.89,28.77,0.0,62.0,,18.34,
394.872,80.89,28.77,0.0,62.0,,18.34,
394.872,80.89,28.77,0.0,62.0,,18.34,
394.872,80.89,28.77,0.0,62.0,,18.34,
394.872,80.89,28.77,0.0,62.0,,18.34,
395.022,81.5,29.0,0.0,62.0,,18.33,
395.022,81.5,29.0,0.0,62.0,,18.33,
395.022,81.5,29.0,0.0,62.0,,18.33,
395.022,81.5,29.0,0.0,62.0,,18.33,
395.022,81.5,29.0,0.0,62.0,,18.33,
395.174,82.29,29.25,0.0,62.0,,18.31,
395.174,82.29,29.25,0.0,62.0,,18.31,
395.174,82.29,29.25,0.0,62.0,,18.31,
395.174,82.29,29.25,0.0,62.0,,18.31,
395.174,82.29,29.25,0.0,62.0,,18.31,
395.323,82.87,29.48,0.0,62.0,22.63,18.31,20.2
395.323,82.87,29.48,0.0,62.0,22.63,18.31,20.2
395.323,82.87,29.48,0.0,62.0,22.63,18.31,20.2
395.323,82.87,29.48,0.0,62.0,22.63,18.31,20.2
395.323,82.87,29.48,0.0,62.0,22.63,18.31,20.2
395.323,82.87,29.48,0.0,62.0,22.63,18.31,20.2
395.323,82.87,29.48,0.0,62.0,22.63,18.31,20.2
395.473,83.46,29.72,0.0,62.0,,18.3,
395.473,83.46,29.72,0.0,62.0,,18.3,
395.473,83.46,29.72,0.0,62.0,,18.3,
395.473,83.46,29.72,0.0,62.0,,18.3,
395.473,83.46,29.72,0.0,62.0,,18.3,
395.625,84.22,29.99,0.0,62.0,,18.29,
395.625,84.22,29.99,0.0,62.0,,18.29,
395.625,84.22,29.99,0.0,62.0,,18.29,
395.625,84.22,29.99,0.0,62.0,,18.29,
395.625,84.22,29.99,0.0,62.0,,18.29,
395.774,84.79,30.22,0.0,62.0,,18.28,
395.774,84.79,30.22,0.0,62.0,,18.28,
395.774,84.79,30.22,0.0,62.0,,18.28,
395.774,84.79,30.22,0.0,62.0,,18.28,
395.774,84.79,30.22,0.0,62.0,,18.28,
395.924,85.33,30.47,0.0,62.0,23.67,18.27,20.53
395.924,85.33,30.47,0.0,62.0,23.67,18.27,20.53
395.924,85.33,30.47,0.0,62.0,23.67,18.27,20.53
395.924,85.33,30.47,0.0,62.0,23.67,18.27,20.53
395.924,85.33,30.47,0.0,62.0,23.67,18.27,20.53
395.924,85.33,30.47,0.0,62.0,23.67,18.27,20.53
395.924,85.33,30.47,0.0,62.0,23.67,18.27,20.53
396.076,86.07,30.74,0.0,62.0,,18.26,
396.076,86.07,30.74,0.0,62.0,,18.26,
396.076,86.07,30.74,0.0,62.0,,18.26,
396.076,86.07,30.74,0.0,62.0,,18.26,
396.076,86.07,30.74,0.0,62.0,,18.26,
396.225,86.61,30.98,0.0,62.0,,18.25,
396.225,86.61,30.98,0.0,62.0,,18.25,
396.225,86.61,30.98,0.0,62.0,,18.25,
396.225,86.61,30.98,0.0,62.0,,18.25,
396.225,86.61,30.98,0.0,62.0,,18.25,
396.375,87.13,31.23,0.0,62.0,,18.25,
396.375,87.13,31.23,0.0,62.0,,18.25,
396.375,87.13,31.23,0.0,62.0,,18.25,
396.375,87.13,31.23,0.0,62.0,,18.25,
396.375,87.13,31.23,0.0,62.0,,18.25,
396.527,87.82,31.51,0.0,62.0,24.0,18.25,20.64
396.527,87.82,31.51,0.0,62.0,24.0,18.25,20.64
396.527,87.82,31.51,0.0,62.0,24.0,18.25,20.64
396.527,87.82,31.51,0.0,62.0,24.0,18.25,20.64
396.527,87.82,31.51,0.0,62.0,24.0,18.25,20.64
396.527,87.82,31.51,0.0,62.0,24.0,18.25,20.64
396.527,87.82,31.51,0.0,62.0,24.0,18.25,20.64
396.676,88.34,31.76,0.0,62.0,,18.24,
396.676,88.34,31.76,0.0,62.0,,18.24,
396.676,88.34,31.76,0.0,62.0,,18.24,
396.676,88.34,31.76,0.0,62.0,,18.24,
396.676,88.34,31.76,0.0,62.0,,18.24,
396.826,88.85,32.02,0.0,62.0,,18.23,
396.826,88.85,32.02,0.0,62.0,,18.23,
396.826,88.85,32.02,0.0,62.0,,18.23,
396.826,88.85,32.02,0.0,62.0,,18.23,
396.826,88.85,32.02,0.0,62.0,,18.23,
396.98,89.51,32.31,0.0,62.0,,18.23,
396.98,89.51,32.31,0.0,62.0,,18.23,
396.98,89.51,32.31,0.0,62.0,,18.23,
396.98,89.51,32.31,0.0,62.0,,18.23,
396.98,89.51,32.31,0.0,62.0,,18.23,
397.126,90.01,32.56,0.0,62.0,24.37,18.22,20.96
397.126,90.01,32.56,0.0,62.0,24.37,18.22,20.96
397.126,90.01,32.56,0.0,62.0,24.37,18.22,20.96
397.126,90.01,32.56,0.0,62.0,24.37,18.22,20.96
397.126,90.01,32.56,0.0,62.0,24.37,18.22,20.96
397.126,90.01,32.56,0.0,62.0,24.37,18.22,20.96
397.126,90.01,32.56,0.0,62.0,24.37,18.22,20.96
397.276,90.49,32.82,0.0,62.0,,18.23,
397.276,90.49,32.82,0.0,62.0,,18.23,
397.276,90.49,32.82,0.0,62.0,,18.23,
397.276,90.49,32.82,0.0,62.0,,18.23,
397.276,90.49,32.82,0.0,62.0,,18.23,
397.43,91.15,33.12,0.0,62.0,,18.23,
397.43,91.15,33.12,0.0,62.0,,18.23,
397.43,91.15,33.12,0.0,62.0,,18.23,
397.43,91.15,33.12,0.0,62.0,,18.23,
397.43,91.15,33.12,0.0,62.0,,18.23,
397.576,91.62,33.38,0.0,62.0,,18.23,
397.576,91.62,33.38,0.0,62.0,,18.23,
397.576,91.62,33.38,0.0,62.0,,18.23,
397.576,91.62,33.38,0.0,62.0,,18.23,
397.576,91.62,33.38,0.0,62.0,,18.23,
397.726,92.08,33.64,0.0,62.0,24.57,18.23,21.19
397.726,92.08,33.64,0.0,62.0,24.57,18.23,21.19
397.726,92.08,33.64,0.0,62.0,24.57,18.23,21.19
397.726,92.08,33.64,0.0,62.0,24.57,18.23,21.19
397.726,92.08,33.64,0.0,62.0,24.57,18.23,21.19
397.726,92.08,33.64,0.0,62.0,24.57,18.23,21.19
397.726,92.08,33.64,0.0,62.0,24.57,18.23,21.19
397.88,92.7,33.94,0.0,62.0,,18.22,
397.88,92.7,33.94,0.0,62.0,,18.22,
397.88,92.7,33.94,0.0,62.0,,18.22,
397.88,92.7,33.94,0.0,62.0,,18.22,
397.88,92.7,33.94,0.0,62.0,,18.22,
398.026,93.14,34.2,0.0,62.0,,18.23,
398.026,93.14,34.2,0.0,62.0,,18.23,
398.026,93.14,34.2,0.0,62.0,,18.23,
398.026,93.14,34.2,0.0,62.0,,18.23,
398.026,93.14,34.2,0.0,62.0,,18.23,
398.176,93.58,34.47,0.0,62.0,,18.23,
398.176,93.58,34.47,0.0,62.0,,18.23,
398.176,93.58,34.47,0.0,62.0,,18.23,
398.176,93.58,34.47,0.0,62.0,,18.23,
398.176,93.58,34.47,0.0,62.0,,18.23,
398.33,94.16,34.77,0.0,62.0,25.57,18.23,21.51
398.33,94.16,34.77,0.0,62.0,25.57,18.23,21.51
398.33,94.16,34.77,0.0,62.0,25.57,18.23,21.51
398.33,94.16,34.77,0.0,62.0,25.57,18.23,21.51
398.33,94.16,34.77,0.0,62.0,25.57,18.23,21.51
398.33,94.16,34.77,0.0,62.0,25.57,18.23,21.51
398.33,94.16,34.77,0.0,62.0,25.57,18.23,21.51
398.476,94.6,35.04,0.0,62.0,,18.23,
398.476,94.6,35.04,0.0,62.0,,18.23,
398.476,94.6,35.04,0.0,62.0,,18.23,
398.476,94.6,35.04,0.0,62.0,,18.23,
398.476,94.6,35.04,0.0,62.0,,18.23,
398.626,95.02,35.31,0.0,62.0,,18.24,
398.626,95.02,35.31,0.0,62.0,,18.24,
398.626,95.02,35.31,0.0,62.0,,18.24,
398.626,95.02,35.31,0.0,62.0,,18.24,
398.626,95.02,35.31,0.0,62.0,,18.24,
398.78,95.56,35.61,0.0,62.0,,18.25,
398.78,95.56,35.61,0.0,62.0,,18.25,
398.78,95.56,35.61,0.0,62.0,,18.25,
398.78,95.56,35.61,0.0,62.0,,18.25,
398.78,95.56,35.61,0.0,62.0,,18.25,
398.966,96.05,35.95,0.0,62.0,26.16,18.25,21.74
398.966,96.05,35.95,0.0,62.0,26.16,18.25,21.74
398.966,96.05,35.95,0.0,62.0,26.16,18.25,21.74
398.966,96.05,35.95,0.0,62.0,26.16,18.25,21.74
398.966,96.05,35.95,0.0,62.0,26.16,18.25,21.74
398.966,96.05,35.95,0.0,62.0,26.16,18.25,21.74
398.966,96.05,35.95,0.0,62.0,26.16,18.25,21.74
399.116,96.51,36.24,0.0,62.0,,18.25,
399.116,96.51,36.24,0.0,62.0,,18.25,
399.116,96.51,36.24,0.0,62.0,,18.25,
399.116,96.51,36.24,0.0,62.0,,18.25,
399.116,96.51,36.24,0.0,62.0,,18.25,
399.27,96.91,36.51,0.0,62.0,,18.25,
399.27,96.91,36.51,0.0,62.0,,18.25,
399.27,96.91,36.51,0.0,62.0,,18.25,
399.27,96.91,36.51,0.0,62.0,,18.25,
399.27,96.91,36.51,0.0,62.0,,18.25,
399.418,97.42,36.82,0.0,62.0,,18.27,
399.418,97.42,36.82,0.0,62.0,,18.27,
399.418,97.42,36.82,0.0,62.0,,18.27,
399.418,97.42,36.82,0.0,62.0,,18.27,
399.418,97.42,36.82,0.0,62.0,,18.27,
399.567,97.82,37.1,0.0,62.0,27.15,18.27,22.0
399.567,97.82,37.1,0.0,62.0,27.15,18.27,22.0
399.567,97.82,37.1,0.0,62.0,27.15,18.27,22.0
399.567,97.82,37.1,0.0,62.0,27.15,18.27,22.0
399.567,97.82,37.1,0.0,62.0,27.15,18.27,22.0
399.567,97.82,37.1,0.0,62.0,27.15,18.27,22.0
399.567,97.82,37.1,0.0,62.0,27.15,18.27,22.0
399.717,98.18,37.37,0.0,62.0,,18.28,
399.717,98.18,37.37,0.0,62.0,,18.28,
399.717,98.18,37.37,0.0,62.0,,18.28,
399.717,98.18,37.37,0.0,62.0,,18.28,
399.717,98.18,37.37,0.0,62.0,,18.28,
399.869,98.69,37.68,0.0,62.0,,18.29,
399.869,98.69,37.68,0.0,62.0,,18.29,
399.869,98.69,37.68,0.0,62.0,,18.29,
399.869,98.69,37.68,0.0,62.0,,18.29,
399.869,98.69,37.68,0.0,62.0,,18.29,
400.018,99.04,37.96,0.0,62.0,,18.3,
400.018,99.04,37.96,0.0,62.0,,18.3,
400.018,99.04,37.96,0.0,62.0,,18.3,
400.018,99.04,37.96,0.0,62.0,,18.3,
400.018,99.04,37.96,0.0,62.0,,18.3,
400.168,99.41,38.24,0.0,62.0,29.03,18.31,22.21
400.168,99.41,38.24,0.0,62.0,29.03,18.31,22.21
400.168,99.41,38.24,0.0,62.0,29.03,18.31,22.21
400.168,99.41,38.24,0.0,62.0,29.03,18.31,22.21
400.168,99.41,38.24,0.0,62.0,29.03,18.31,22.21
400.168,99.41,38.24,0.0,62.0,29.03,18.31,22.21
400.168,99.41,38.24,0.0,62.0,29.03,18.31,22.21
400.32,99.9,38.55,0.0,62.0,,18.32,
400.32,99.9,38.55,0.0,62.0,,18.32,
400.32,99.9,38.55,0.0,62.0,,18.32,
400.32,99.9,38.55,0.0,62.0,,18.32,
400.32,99.9,38.55,0.0,62.0,,18.32,
400.469,100.24,38.83,0.0,62.0,,18.33,
400.469,100.24,38.83,0.0,62.0,,18.33,
400.469,100.24,38.83,0.0,62.0,,18.33,
400.469,100.24,38.83,0.0,62.0,,18.33,
400.469,100.24,38.83,0.0,62.0,,18.33,
400.619,100.6,39.11,0.0,62.0,,18.34,
400.619,100.6,39.11,0.0,62.0,,18.34,
400.619,100.6,39.11,0.0,62.0,,18.34,
400.619,100.6,39.11,0.0,62.0,,18.34,
400.619,100.6,39.11,0.0,62.0,,18.34,
400.772,101.06,39.43,0.0,62.0,31.06,18.34,22.63
400.772,101.06,39.43,0.0,62.0,31.06,18.34,22.63
400.772,101.06,39.43,0.0,62.0,31.06,18.34,22.63
400.772,101.06,39.43,0.0,62.0,31.06,18.34,22.63
400.772,101.06,39.43,0.0,62.0,31.06,18.34,22.63
400.772,101.06,39.43,0.0,62.0,31.06,18.34,22.63
400.772,101.06,39.43,0.0,62.0,31.06,18.34,22.63
400.921,101.39,39.7,0.0,62.0,,18.36,
400.921,101.39,39.7,0.0,62.0,,18.36,
400.921,101.39,39.7,0.0,62.0,,18.36,
400.921,101.39,39.7,0.0,62.0,,18.36,
400.921,101.39,39.7,0.0,62.0,,18.36,
401.071,101.74,39.99,0.0,62.0,,18.37,
401.071,101.74,39.99,0.0,62.0,,18.37,
401.071,101.74,39.99,0.0,62.0,,18.37,
401.071,101.74,39.99,0.0,62.0,,18.37,
401.071,101.74,39.99,0.0,62.0,,18.37,
401.223,102.17,40.3,0.0,62.0,,18.38,
401.223,102.17,40.3,0.0,62.0,,18.38,
401.223,102.17,40.3,0.0,62.0,,18.38,
401.223,102.17,40.3,0.0,62.0,,18.38,
401.223,102.17,40.3,0.0,62.0,,18.38,
401.372,102.5,40.58,0.0,62.0,31.92,18.39,22.92
401.372,102.5,40.58,0.0,62.0,31.92,18.39,22.92
401.372,102.5,40.58,0.0,62.0,31.92,18.39,22.92
401.372,102.5,40.58,0.0,62.0,31.92,18.39,22.92
401.372,102.5,40.58,0.0,62.0,31.92,18.39,22.92
401.372,102.5,40.58,0.0,62.0,31.92,18.39,22.92
401.372,102.5,40.58,0.0,62.0,31.92,18.39,22.92
401.522,102.83,40.87,0.0,62.0,,18.4,
401.522,102.83,40.87,0.0,62.0,,18.4,
401.522,102.83,40.87,0.0,62.0,,18.4,
401.522,102.83,40.87,0.0,62.0,,18.4,
401.522,102.83,40.87,0.0,62.0,,18.4,
401.674,103.24,41.18,0.0,62.0,,18.41,
401.674,103.24,41.18,0.0,62.0,,18.41,
401.674,103.24,41.18,0.0,62.0,,18.41,
401.674,103.24,41.18,0.0,62.0,,18.41,
401.674,103.24,41.18,0.0,62.0,,18.41,
401.824,103.56,41.46,0.0,62.0,,18.42,
401.824,103.56,41.46,0.0,62.0,,18.42,
401.824,103.56,41.46,0.0,62.0,,18.42,
401.824,103.56,41.46,0.0,62.0,,18.42,
401.824,103.56,41.46,0.0,62.0,,18.42,
401.974,103.86,41.75,0.0,62.0,32.88,18.44,23.31
401.974,103.86,41.75,0.0,62.0,32.88,18.44,23.31
401.974,103.86,41.75,0.0,62.0,32.88,18.44,23.31
401.974,103.86,41.75,0.0,62.0,32.88,18.44,23.31
401.974,103.86,41.75,0.0,62.0,32.88,18.44,23.31
401.974,103.86,41.75,0.0,62.0,32.88,18.44,23.31
401.974,103.86,41.75,0.0,62.0,32.88,18.44,23.31
402.125,104.28,42.06,0.0,62.0,,18.46,
402.125,104.28,42.06,0.0,62.0,,18.46,
402.125,104.28,42.06,0.0,62.0,,18.46,
402.125,104.28,42.06,0.0,62.0,,18.46,
402.125,104.28,42.06,0.0,62.0,,18.46,
402.274,104.58,42.35,0.0,62.0,,18.47,
402.274,104.58,42.35,0.0,62.0,,18.47,
402.274,104.58,42.35,0.0,62.0,,18.47,
402.274,104.58,42.35,0.0,62.0,,18.47,
402.274,104.58,42.35,0.0,62.0,,18.47,
402.424,104.89,42.63,0.0,62.0,,18.49,
402.424,104.89,42.63,0.0,62.0,,18.49,
402.424,104.89,42.63,0.0,62.0,,18.49,
402.424,104.89,42.63,0.0,62.0,,18.49,
402.424,104.89,42.63,0.0,62.0,,18.49,
402.575,105.28,42.95,0.0,62.0,33.26,18.5,23.38
402.575,105.28,42.95,0.0,62.0,33.26,18.5,23.38
402.575,105.28,42.95,0.0,62.0,33.26,18.5,23.38
402.575,105.28,42.95,0.0,62.0,33.26,18.5,23.38
402.575,105.28,42.95,0.0,62.0,33.26,18.5,23.38
402.575,105.28,42.95,0.0,62.0,33.26,18.5,23.38
402.575,105.28,42.95,0.0,62.0,33.26,18.5,23.38
402.724,105.57,43.23,0.0,62.0,,18.52,
402.724,105.57,43.23,0.0,62.0,,18.52,
402.724,105.57,43.23,0.0,62.0,,18.52,
402.724,105.57,43.23,0.0,62.0,,18.52,
402.724,105.57,43.23,0.0,62.0,,18.52,
402.873,105.89,43.53,0.0,62.0,,18.54,
402.873,105.89,43.53,0.0,62.0,,18.54,
402.873,105.89,43.53,0.0,62.0,,18.54,
402.873,105.89,43.53,0.0,62.0,,18.54,
402.873,105.89,43.53,0.0,62.0,,18.54,
403.028,106.3,43.85,0.0,62.0,,18.56,
403.028,106.3,43.85,0.0,62.0,,18.56,
403.028,106.3,43.85,0.0,62.0,,18.56,
403.028,106.3,43.85,0.0,62.0,,18.56,
403.028,106.3,43.85,0.0,62.0,,18.56,
403.173,106.56,44.13,0.0,62.0,34.94,18.58,23.91
403.173,106.56,44.13,0.0,62.0,34.94,18.58,23.91
403.173,106.56,44.13,0.0,62.0,34.94,18.58,23.91
403.173,106.56,44.13,0.0,62.0,34.94,18.58,23.91
403.173,106.56,44.13,0.0,62.0,34.94,18.58,23.91
403.173,106.56,44.13,0.0,62.0,34.94,18.58,23.91
403.173,106.56,44.13,0.0,62.0,34.94,18.58,23.91
403.323,106.84,44.42,0.0,62.0,,18.6,
403.323,106.84,44.42,0.0,62.0,,18.6,
403.323,106.84,44.42,0.0,62.0,,18.6,
403.323,106.84,44.42,0.0,62.0,,18.6,
403.323,106.84,44.42,0.0,62.0,,18.6,
403.478,107.21,44.74,0.0,62.0,,18.63,
403.478,107.21,44.74,0.0,62.0,,18.63,
403.478,107.21,44.74,0.0,62.0,,18.63,
403.478,107.21,44.74,0.0,62.0,,18.63,
403.478,107.21,44.74,0.0,62.0,,18.63,
403.623,107.47,45.01,0.0,62.0,,18.64,
403.623,107.47,45.01,0.0,62.0,,18.64,
403.623,107.47,45.01,0.0,62.0,,18.64,
403.623,107.47,45.01,0.0,62.0,,18.64,
403.623,107.47,45.01,0.0,62.0,,18.64,
403.774,107.73,45.29,0.0,62.0,,18.65,
403.774,107.73,45.29,0.0,62.0,,18.65,
403.774,107.73,45.29,0.0,62.0,,18.65,
403.774,107.73,45.29,0.0,62.0,,18.65,
403.774,107.73,45.29,0.0,62.0,,18.65,
403.793,,,,,35.49,,24.11
403.793,,,,,35.49,,24.11
403.926,108.0,45.59,0.0,62.0,,18.69,
403.926,108.0,45.59,0.0,62.0,,18.69,
403.926,108.0,45.59,0.0,62.0,,18.69,
403.926,108.0,45.59,0.0,62.0,,18.69,
403.926,108.0,45.59,0.0,62.0,,18.69,
404.075,108.4,45.91,0.0,62.0,,18.7,
404.075,108.4,45.91,0.0,62.0,,18.7,
404.075,108.4,45.91,0.0,62.0,,18.7,
404.075,108.4,45.91,0.0,62.0,,18.7,
404.075,108.4,45.91,0.0,62.0,,18.7,
404.224,108.64,46.19,0.0,62.0,,18.72,
404.224,108.64,46.19,0.0,62.0,,18.72,
404.224,108.64,46.19,0.0,62.0,,18.72,
404.224,108.64,46.19,0.0,62.0,,18.72,
404.224,108.64,46.19,0.0,62.0,,18.72,
404.374,108.9,46.48,0.0,62.0,36.39,18.74,24.5
404.374,108.9,46.48,0.0,62.0,36.39,18.74,24.5
404.374,108.9,46.48,0.0,62.0,36.39,18.74,24.5
404.374,108.9,46.48,0.0,62.0,36.39,18.74,24.5
404.374,108.9,46.48,0.0,62.0,36.39,18.74,24.5
404.374,108.9,46.48,0.0,62.0,36.39,18.74,24.5
404.374,108.9,46.48,0.0,62.0,36.39,18.74,24.5
404.525,109.22,46.79,0.0,62.0,,18.76,
404.525,109.22,46.79,0.0,62.0,,18.76,
404.525,109.22,46.79,0.0,62.0,,18.76,
404.525,109.22,46.79,0.0,62.0,,18.76,
404.525,109.22,46.79,0.0,62.0,,18.76,
404.674,109.48,47.07,0.0,62.0,,18.79,
404.674,109.48,47.07,0.0,62.0,,18.79,
404.674,109.48,47.07,0.0,62.0,,18.79,
404.674,109.48,47.07,0.0,62.0,,18.79,
404.674,109.48,47.07,0.0,62.0,,18.79,
404.824,109.7,47.35,0.0,62.0,,18.8,
404.824,109.7,47.35,0.0,62.0,,18.8,
404.824,109.7,47.35,0.0,62.0,,18.8,
404.824,109.7,47.35,0.0,62.0,,18.8,
404.824,109.7,47.35,0.0,62.0,,18.8,
404.978,110.05,47.68,0.0,62.0,36.94,18.84,24.65
404.978,110.05,47.68,0.0,62.0,36.94,18.84,24.65
404.978,110.05,47.68,0.0,62.0,36.94,18.84,24.65
404.978,110.05,47.68,0.0,62.0,36.94,18.84,24.65
404.978,110.05,47.68,0.0,62.0,36.94,18.84,24.65
404.978,110.05,47.68,0.0,62.0,36.94,18.84,24.65
404.978,110.05,47.68,0.0,62.0,36.94,18.84,24.65
405.123,110.27,47.95,0.0,62.0,,18.86,
405.123,110.27,47.95,0.0,62.0,,18.86,
405.123,110.27,47.95,0.0,62.0,,18.86,
405.123,110.27,47.95,0.0,62.0,,18.86,
405.123,110.27,47.95,0.0,62.0,,18.86,
405.273,110.5,48.23,0.0,62.0,,18.88,
405.273,110.5,48.23,0.0,62.0,,18.88,
405.273,110.5,48.23,0.0,62.0,,18.88,
405.273,110.5,48.23,0.0,62.0,,18.88,
405.273,110.5,48.23,0.0,62.0,,18.88,
405.427,110.83,48.55,0.0,62.0,,18.9,
405.427,110.83,48.55,0.0,62.0,,18.9,
405.427,110.83,48.55,0.0,62.0,,18.9,
405.427,110.83,48.55,0.0,62.0,,18.9,
405.427,110.83,48.55,0.0,62.0,,18.9,
405.573,111.07,48.83,0.0,62.0,37.97,18.93,25.05
405.573,111.07,48.83,0.0,62.0,37.97,18.93,25.05
405.573,111.07,48.83,0.0,62.0,37.97,18.93,25.05
405.573,111.07,48.83,0.0,62.0,37.97,18.93,25.05
405.573,111.07,48.83,0.0,62.0,37.97,18.93,25.05
405.573,111.07,48.83,0.0,62.0,37.97,18.93,25.05
405.573,111.07,48.83,0.0,62.0,37.97,18.93,25.05
405.723,111.3,49.11,0.0,62.0,,18.95,
405.723,111.3,49.11,0.0,62.0,,18.95,
405.723,111.3,49.11,0.0,62.0,,18.95,
405.723,111.3,49.11,0.0,62.0,,18.95,
405.723,111.3,49.11,0.0,62.0,,18.95,
405.877,111.54,49.41,0.0,62.0,,18.98,
405.877,111.54,49.41,0.0,62.0,,18.98,
405.877,111.54,49.41,0.0,62.0,,18.98,
405.877,111.54,49.41,0.0,62.0,,18.98,
405.877,111.54,49.41,0.0,62.0,,18.98,
406.023,111.72,49.67,0.0,62.0,,19.01,
406.023,111.72,49.67,0.0,62.0,,19.01,
406.023,111.72,49.67,0.0,62.0,,19.01,
406.023,111.72,49.67,0.0,62.0,,19.01,
406.023,111.72,49.67,0.0,62.0,,19.01,
406.173,111.91,49.94,0.0,62.0,38.68,19.03,25.29
406.173,111.91,49.94,0.0,62.0,38.68,19.03,25.29
406.173,111.91,49.94,0.0,62.0,38.68,19.03,25.29
406.173,111.91,49.94,0.0,62.0,38.68,19.03,25.29
406.173,111.91,49.94,0.0,62.0,38.68,19.03,25.29
406.173,111.91,49.94,0.0,62.0,38.68,19.03,25.29
406.173,111.91,49.94,0.0,62.0,38.68,19.03,25.29
406.327,112.08,50.21,0.0,62.0,,19.06,
406.327,112.08,50.21,0.0,62.0,,19.06,
406.327,112.08,50.21,0.0,62.0,,19.06,
406.327,112.08,50.21,0.0,62.0,,19.06,
406.327,112.08,50.21,0.0,62.0,,19.06,
406.473,112.19,50.45,0.0,62.0,,19.08,
406.473,112.19,50.45,0.0,62.0,,19.08,
406.473,112.19,50.45,0.0,62.0,,19.08,
406.473,112.19,50.45,0.0,62.0,,19.08,
406.473,112.19,50.45,0.0,62.0,,19.08,
406.623,112.31,50.7,0.0,62.0,,19.11,
406.623,112.31,50.7,0.0,62.0,,19.11,
406.623,112.31,50.7,0.0,62.0,,19.11,
406.623,112.31,50.7,0.0,62.0,,19.11,
406.623,112.31,50.7,0.0,62.0,,19.11,
406.777,112.43,50.95,0.0,62.0,39.98,19.13,25.64
406.777,112.43,50.95,0.0,62.0,39.98,19.13,25.64
406.777,112.43,50.95,0.0,62.0,39.98,19.13,25.64
406.777,112.43,50.95,0.0,62.0,39.98,19.13,25.64
406.777,112.43,50.95,0.0,62.0,39.98,19.13,25.64
406.777,112.43,50.95,0.0,62.0,39.98,19.13,25.64
406.777,112.43,50.95,0.0,62.0,39.98,19.13,25.64
406.923,112.52,51.18,0.0,62.0,,19.16,
406.923,112.52,51.18,0.0,62.0,,19.16,
406.923,112.52,51.18,0.0,62.0,,19.16,
406.923,112.52,51.18,0.0,62.0,,19.16,
406.923,112.52,51.18,0.0,62.0,,19.16,
407.073,112.6,51.41,0.0,62.0,,19.18,
407.073,112.6,51.41,0.0,62.0,,19.18,
407.073,112.6,51.41,0.0,62.0,,19.18,
407.073,112.6,51.41,0.0,62.0,,19.18,
407.073,112.6,51.41,0.0,62.0,,19.18,
407.225,112.66,51.64,0.0,62.0,,19.21,
407.225,112.66,51.64,0.0,62.0,,19.21,
407.225,112.66,51.64,0.0,62.0,,19.21,
407.225,112.66,51.64,0.0,62.0,,19.21,
407.225,112.66,51.64,0.0,62.0,,19.21,
407.378,112.71,51.86,0.0,62.0,40.79,19.23,25.87
407.378,112.71,51.86,0.0,62.0,40.79,19.23,25.87
407.378,112.71,51.86,0.0,62.0,40.79,19.23,25.87
407.378,112.71,51.86,0.0,62.0,40.79,19.23,25.87
407.378,112.71,51.86,0.0,62.0,40.79,19.23,25.87
407.378,112.71,51.86,0.0,62.0,40.79,19.23,25.87
407.378,112.71,51.86,0.0,62.0,40.79,19.23,25.87
407.523,112.77,52.08,0.0,62.0,,19.27,
407.523,112.77,52.08,0.0,62.0,,19.27,
407.523,112.77,52.08,0.0,62.0,,19.27,
407.523,112.77,52.08,0.0,62.0,,19.27,
407.523,112.77,52.08,0.0,62.0,,19.27,
407.673,112.8,52.29,0.0,62.0,,19.3,
407.673,112.8,52.29,0.0,62.0,,19.3,
407.673,112.8,52.29,0.0,62.0,,19.3,
407.673,112.8,52.29,0.0,62.0,,19.3,
407.673,112.8,52.29,0.0,62.0,,19.3,
407.827,112.83,52.51,0.0,62.0,,19.33,
407.827,112.83,52.51,0.0,62.0,,19.33,
407.827,112.83,52.51,0.0,62.0,,19.33,
407.827,112.83,52.51,0.0,62.0,,19.33,
407.827,112.83,52.51,0.0,62.0,,19.33,
407.974,112.87,52.72,0.0,62.0,42.05,19.36,26.16
407.974,112.87,52.72,0.0,62.0,42.05,19.36,26.16
407.974,112.87,52.72,0.0,62.0,42.05,19.36,26.16
407.974,112.87,52.72,0.0,62.0,42.05,19.36,26.16
407.974,112.87,52.72,0.0,62.0,42.05,19.36,26.16
407.974,112.87,52.72,0.0,62.0,42.05,19.36,26.16
407.974,112.87,52.72,0.0,62.0,42.05,19.36,26.16
408.124,112.89,52.93,0.0,62.0,,19.4,
408.124,112.89,52.93,0.0,62.0,,19.4,
408.124,112.89,52.93,0.0,62.0,,19.4,
408.124,112.89,52.93,0.0,62.0,,19.4,
408.124,112.89,52.93,0.0,62.0,,19.4,
408.28,112.91,53.14,0.0,62.0,,19.42,
408.28,112.91,53.14,0.0,62.0,,19.42,
408.28,112.91,53.14,0.0,62.0,,19.42,
408.28,112.91,53.14,0.0,62.0,,19.42,
408.28,112.91,53.14,0.0,62.0,,19.42,
408.424,112.94,53.35,0.0,62.0,,19.46,
408.424,112.94,53.35,0.0,62.0,,19.46,
408.424,112.94,53.35,0.0,62.0,,19.46,
408.424,112.94,53.35,0.0,62.0,,19.46,
408.424,112.94,53.35,0.0,62.0,,19.46,
408.574,112.96,53.55,0.0,62.0,42.89,19.49,26.39
408.574,112.96,53.55,0.0,62.0,42.89,19.49,26.39
408.574,112.96,53.55,0.0,62.0,42.89,19.49,26.39
408.574,112.96,53.55,0.0,62.0,42.89,19.49,26.39
408.574,112.96,53.55,0.0,62.0,42.89,19.49,26.39
408.574,112.96,53.55,0.0,62.0,42.89,19.49,26.39
408.574,112.96,53.55,0.0,62.0,42.89,19.49,26.39
408.724,112.98,53.76,0.0,62.0,,19.52,
408.724,112.98,53.76,0.0,62.0,,19.52,
408.724,112.98,53.76,0.0,62.0,,19.52,
408.724,112.98,53.76,0.0,62.0,,19.52,
408.724,112.98,53.76,0.0,62.0,,19.52,
408.876,112.97,53.95,0.0,62.0,,19.55,
408.876,112.97,53.95,0.0,62.0,,19.55,
408.876,112.97,53.95,0.0,62.0,,19.55,
408.876,112.97,53.95,0.0,62.0,,19.55,
408.876,112.97,53.95,0.0,62.0,,19.55,
409.025,112.98,54.15,0.0,62.0,,19.58,
409.025,112.98,54.15,0.0,62.0,,19.58,
409.025,112.98,54.15,0.0,62.0,,19.58,
409.025,112.98,54.15,0.0,62.0,,19.58,
409.025,112.98,54.15,0.0,62.0,,19.58,
409.175,113.01,54.35,0.0,62.0,44.32,19.62,26.71
409.175,113.01,54.35,0.0,62.0,44.32,19.62,26.71
409.175,113.01,54.35,0.0,62.0,44.32,19.62,26.71
409.175,113.01,54.35,0.0,62.0,44.32,19.62,26.71
409.175,113.01,54.35,0.0,62.0,44.32,19.62,26.71
409.175,113.01,54.35,0.0,62.0,44.32,19.62,26.71
409.175,113.01,54.35,0.0,62.0,44.32,19.62,26.71
409.327,113.02,54.56,0.0,62.0,,19.65,
409.327,113.02,54.56,0.0,62.0,,19.65,
409.327,113.02,54.56,0.0,62.0,,19.65,
409.327,113.02,54.56,0.0,62.0,,19.65,
409.327,113.02,54.56,0.0,62.0,,19.65,
409.476,113.04,54.75,0.0,62.0,,19.68,
409.476,113.04,54.75,0.0,62.0,,19.68,
409.476,113.04,54.75,0.0,62.0,,19.68,
409.476,113.04,54.75,0.0,62.0,,19.68,
409.476,113.04,54.75,0.0,62.0,,19.68,
409.626,113.04,54.95,0.0,62.0,,19.71,
409.626,113.04,54.95,0.0,62.0,,19.71,
409.626,113.04,54.95,0.0,62.0,,19.71,
409.626,113.04,54.95,0.0,62.0,,19.71,
409.626,113.04,54.95,0.0,62.0,,19.71,
409.779,113.04,55.14,0.0,62.0,44.99,19.75,26.89
409.779,113.04,55.14,0.0,62.0,44.99,19.75,26.89
409.779,113.04,55.14,0.0,62.0,44.99,19.75,26.89
409.779,113.04,55.14,0.0,62.0,44.99,19.75,26.89
409.779,113.04,55.14,0.0,62.0,44.99,19.75,26.89
409.779,113.04,55.14,0.0,62.0,44.99,19.75,26.89
409.779,113.04,55.14,0.0,62.0,44.99,19.75,26.89
409.927,113.06,55.34,0.0,62.0,,19.78,
409.927,113.06,55.34,0.0,62.0,,19.78,
409.927,113.06,55.34,0.0,62.0,,19.78,
409.927,113.06,55.34,0.0,62.0,,19.78,
409.927,113.06,55.34,0.0,62.0,,19.78,
410.077,113.07,55.54,0.0,62.0,,19.81,
410.077,113.07,55.54,0.0,62.0,,19.81,
410.077,113.07,55.54,0.0,62.0,,19.81,
410.077,113.07,55.54,0.0,62.0,,19.81,
410.077,113.07,55.54,0.0,62.0,,19.81,
410.228,113.09,55.73,0.0,62.0,,19.84,
410.228,113.09,55.73,0.0,62.0,,19.84,
410.228,113.09,55.73,0.0,62.0,,19.84,
410.228,113.09,55.73,0.0,62.0,,19.84,
410.228,113.09,55.73,0.0,62.0,,19.84,
410.377,113.09,55.92,0.0,62.0,46.59,19.87,27.3
410.377,113.09,55.92,0.0,62.0,46.59,19.87,27.3
410.377,113.09,55.92,0.0,62.0,46.59,19.87,27.3
410.377,113.09,55.92,0.0,62.0,46.59,19.87,27.3
410.377,113.09,55.92,0.0,62.0,46.59,19.87,27.3
410.377,113.09,55.92,0.0,62.0,46.59,19.87,27.3
410.377,113.09,55.92,0.0,62.0,46.59,19.87,27.3
410.527,113.09,56.11,0.0,62.0,,19.89,
410.527,113.09,56.11,0.0,62.0,,19.89,
410.527,113.09,56.11,0.0,62.0,,19.89,
410.527,113.09,56.11,0.0,62.0,,19.89,
410.527,113.09,56.11,0.0,62.0,,19.89,
410.68,113.1,56.28,0.0,62.0,,19.93,
410.68,113.1,56.28,0.0,62.0,,19.93,
410.68,113.1,56.28,0.0,62.0,,19.93,
410.68,113.1,56.28,0.0,62.0,,19.93,
410.68,113.1,56.28,0.0,62.0,,19.93,
410.828,113.14,56.46,0.0,62.0,,19.95,
410.828,113.14,56.46,0.0,62.0,,19.95,
410.828,113.14,56.46,0.0,62.0,,19.95,
410.828,113.14,56.46,0.0,62.0,,19.95,
410.828,113.14,56.46,0.0,62.0,,19.95,
410.996,113.14,56.63,0.0,62.0,47.26,19.97,27.43
410.996,113.14,56.63,0.0,62.0,47.26,19.97,27.43
410.996,113.14,56.63,0.0,62.0,47.26,19.97,27.43
410.996,113.14,56.63,0.0,62.0,47.26,19.97,27.43
410.996,113.14,56.63,0.0,62.0,47.26,19.97,27.43
410.996,113.14,56.63,0.0,62.0,47.26,19.97,27.43
410.996,113.14,56.63,0.0,62.0,47.26,19.97,27.43
411.143,113.15,56.8,0.0,62.0,,20.02,
411.143,113.15,56.8,0.0,62.0,,20.02,
411.143,113.15,56.8,0.0,62.0,,20.02,
411.143,113.15,56.8,0.0,62.0,,20.02,
411.143,113.15,56.8,0.0,62.0,,20.02,
411.293,113.16,56.97,0.0,62.0,,20.05,
411.293,113.16,56.97,0.0,62.0,,20.05,
411.293,113.16,56.97,0.0,62.0,,20.05,
411.293,113.16,56.97,0.0,62.0,,20.05,
411.293,113.16,56.97,0.0,62.0,,20.05,
411.447,113.15,57.14,0.0,62.0,,20.08,
411.447,113.15,57.14,0.0,62.0,,20.08,
411.447,113.15,57.14,0.0,62.0,,20.08,
411.447,113.15,57.14,0.0,62.0,,20.08,
411.447,113.15,57.14,0.0,62.0,,20.08,
411.593,113.16,57.31,0.0,62.0,48.66,20.12,27.82
411.593,113.16,57.31,0.0,62.0,48.66,20.12,27.82
411.593,113.16,57.31,0.0,62.0,48.66,20.12,27.82
411.593,113.16,57.31,0.0,62.0,48.66,20.12,27.82
411.593,113.16,57.31,0.0,62.0,48.66,20.12,27.82
411.593,113.16,57.31,0.0,62.0,48.66,20.12,27.82
411.593,113.16,57.31,0.0,62.0,48.66,20.12,27.82
411.742,113.17,57.48,0.0,62.0,,20.14,
411.742,113.17,57.48,0.0,62.0,,20.14,
411.742,113.17,57.48,0.0,62.0,,20.14,
411.742,113.17,57.48,0.0,62.0,,20.14,
411.742,113.17,57.48,0.0,62.0,,20.14,
411.897,113.17,57.65,0.0,62.0,,20.17,
411.897,113.17,57.65,0.0,62.0,,20.17,
411.897,113.17,57.65,0.0,62.0,,20.17,
411.897,113.17,57.65,0.0,62.0,,20.17,
411.897,113.17,57.65,0.0,62.0,,20.17,
412.042,113.19,57.82,0.0,62.0,,20.21,
412.042,113.19,57.82,0.0,62.0,,20.21,
412.042,113.19,57.82,0.0,62.0,,20.21,
412.042,113.19,57.82,0.0,62.0,,20.21,
412.042,113.19,57.82,0.0,62.0,,20.21,
412.192,113.21,57.99,0.0,62.0,49.12,20.25,28.06
412.192,113.21,57.99,0.0,62.0,49.12,20.25,28.06
412.192,113.21,57.99,0.0,62.0,49.12,20.25,28.06
412.192,113.21,57.99,0.0,62.0,49.12,20.25,28.06
412.192,113.21,57.99,0.0,62.0,49.12,20.25,28.06
412.192,113.21,57.99,0.0,62.0,49.12,20.25,28.06
412.192,113.21,57.99,0.0,62.0,49.12,20.25,28.06
412.347,113.22,58.16,0.0,62.0,,20.28,
412.347,113.22,58.16,0.0,62.0,,20.28,
412.347,113.22,58.16,0.0,62.0,,20.28,
412.347,113.22,58.16,0.0,62.0,,20.28,
412.347,113.22,58.16,0.0,62.0,,20.28,
412.492,113.25,58.32,0.0,62.0,,20.3,
412.492,113.25,58.32,0.0,62.0,,20.3,
412.492,113.25,58.32,0.0,62.0,,20.3,
412.492,113.25,58.32,0.0,62.0,,20.3,
412.492,113.25,58.32,0.0,62.0,,20.3,
412.642,113.24,58.49,0.0,62.0,,20.33,
412.642,113.24,58.49,0.0,62.0,,20.33,
412.642,113.24,58.49,0.0,62.0,,20.33,
412.642,113.24,58.49,0.0,62.0,,20.33,
412.642,113.24,58.49,0.0,62.0,,20.33,
412.761,,,,,50.03,,28.39
412.761,,,,,50.03,,28.39
412.798,113.25,58.66,0.0,62.0,,20.36,
412.798,113.25,58.66,0.0,62.0,,20.36,
412.798,113.25,58.66,0.0,62.0,,20.36,
412.798,113.25,58.66,0.0,62.0,,20.36,
412.798,113.25,58.66,0.0,62.0,,20.36,
412.944,113.25,58.82,0.0,62.0,,20.41,
412.944,113.25,58.82,0.0,62.0,,20.41,
412.944,113.25,58.82,0.0,62.0,,20.41,
412.944,113.25,58.82,0.0,62.0,,20.41,
412.944,113.25,58.82,0.0,62.0,,20.41,
413.093,113.27,58.99,0.0,62.0,,20.43,
413.093,113.27,58.99,0.0,62.0,,20.43,
413.093,113.27,58.99,0.0,62.0,,20.43,
413.093,113.27,58.99,0.0,62.0,,20.43,
413.093,113.27,58.99,0.0,62.0,,20.43,
413.248,113.29,59.15,0.0,62.0,50.46,20.46,28.65
413.248,113.29,59.15,0.0,62.0,50.46,20.46,28.65
413.248,113.29,59.15,0.0,62.0,50.46,20.46,28.65
413.248,113.29,59.15,0.0,62.0,50.46,20.46,28.65
413.248,113.29,59.15,0.0,62.0,50.46,20.46,28.65
413.248,113.29,59.15,0.0,62.0,50.46,20.46,28.65
413.248,113.29,59.15,0.0,62.0,50.46,20.46,28.65
413.394,113.27,59.31,0.0,62.0,,20.49,
413.394,113.27,59.31,0.0,62.0,,20.49,
413.394,113.27,59.31,0.0,62.0,,20.49,
413.394,113.27,59.31,0.0,62.0,,20.49,
413.394,113.27,59.31,0.0,62.0,,20.49,
413.543,113.29,59.48,0.0,62.0,,20.52,
413.543,113.29,59.48,0.0,62.0,,20.52,
413.543,113.29,59.48,0.0,62.0,,20.52,
413.543,113.29,59.48,0.0,62.0,,20.52,
413.543,113.29,59.48,0.0,62.0,,20.52,
413.698,113.3,59.64,0.0,62.0,,20.55,
413.698,113.3,59.64,0.0,62.0,,20.55,
413.698,113.3,59.64,0.0,62.0,,20.55,
413.698,113.3,59.64,0.0,62.0,,20.55,
413.698,113.3,59.64,0.0,62.0,,20.55,
413.845,113.31,59.8,0.0,62.0,,20.6,
413.845,113.31,59.8,0.0,62.0,,20.6,
413.845,113.31,59.8,0.0,62.0,,20.6,
413.845,113.31,59.8,0.0,62.0,,20.6,
413.845,113.31,59.8,0.0,62.0,,20.6,
413.866,,,,,51.3,,29.05
413.866,,,,,51.3,,29.05
413.994,113.3,59.96,0.0,62.0,,20.62,
413.994,113.3,59.96,0.0,62.0,,20.62,
413.994,113.3,59.96,0.0,62.0,,20.62,
413.994,113.3,59.96,0.0,62.0,,20.62,
413.994,113.3,59.96,0.0,62.0,,20.62,
414.149,113.32,60.12,0.0,62.0,,20.65,
414.149,113.32,60.12,0.0,62.0,,20.65,
414.149,113.32,60.12,0.0,62.0,,20.65,
414.149,113.32,60.12,0.0,62.0,,20.65,
414.149,113.32,60.12,0.0,62.0,,20.65,
414.296,113.31,60.28,0.0,62.0,,20.69,
414.296,113.31,60.28,0.0,62.0,,20.69,
414.296,113.31,60.28,0.0,62.0,,20.69,
414.296,113.31,60.28,0.0,62.0,,20.69,
414.296,113.31,60.28,0.0,62.0,,20.69,
414.446,113.31,60.44,0.0,62.0,51.73,20.71,29.26
414.446,113.31,60.44,0.0,62.0,51.73,20.71,29.26
414.446,113.31,60.44,0.0,62.0,51.73,20.71,29.26
414.446,113.31,60.44,0.0,62.0,51.73,20.71,29.26
414.446,113.31,60.44,0.0,62.0,51.73,20.71,29.26
414.446,113.31,60.44,0.0,62.0,51.73,20.71,29.26
414.446,113.31,60.44,0.0,62.0,51.73,20.71,29.26
414.601,113.23,60.6,0.0,62.0,,20.74,
414.601,113.23,60.6,0.0,62.0,,20.74,
414.601,113.23,60.6,0.0,62.0,,20.74,
414.601,113.23,60.6,0.0,62.0,,20.74,
414.601,113.23,60.6,0.0,62.0,,20.74,
414.746,112.64,60.76,0.0,62.0,,20.8,
414.746,112.64,60.76,0.0,62.0,,20.8,
414.746,112.64,60.76,0.0,62.0,,20.8,
414.746,112.64,60.76,0.0,62.0,,20.8,
414.746,112.64,60.76,0.0,62.0,,20.8,
414.896,111.85,60.91,0.0,62.0,,20.87,
414.896,111.85,60.91,0.0,62.0,,20.87,
414.896,111.85,60.91,0.0,62.0,,20.87,
414.896,111.85,60.91,0.0,62.0,,20.87,
414.896,111.85,60.91,0.0,62.0,,20.87,
415.051,110.81,61.06,0.0,62.0,52.6,20.97,29.7
415.051,110.81,61.06,0.0,62.0,52.6,20.97,29.7
415.051,110.81,61.06,0.0,62.0,52.6,20.97,29.7
415.051,110.81,61.06,0.0,62.0,52.6,20.97,29.7
415.051,110.81,61.06,0.0,62.0,52.6,20.97,29.7
415.051,110.81,61.06,0.0,62.0,52.6,20.97,29.7
415.051,110.81,61.06,0.0,62.0,52.6,20.97,29.7
415.196,109.22,61.2,0.0,62.0,,21.17,
415.196,109.22,61.2,0.0,62.0,,21.17,
415.196,109.22,61.2,0.0,62.0,,21.17,
415.196,109.22,61.2,0.0,62.0,,21.17,
415.196,109.22,61.2,0.0,62.0,,21.17,
415.346,107.91,61.34,0.0,62.0,,21.35,
415.346,107.91,61.34,0.0,62.0,,21.35,
415.346,107.91,61.34,0.0,62.0,,21.35,
415.346,107.91,61.34,0.0,62.0,,21.35,
415.346,107.91,61.34,0.0,62.0,,21.35,
415.501,106.53,61.47,0.0,62.0,,21.55,
415.501,106.53,61.47,0.0,62.0,,21.55,
415.501,106.53,61.47,0.0,62.0,,21.55,
415.501,106.53,61.47,0.0,62.0,,21.55,
415.501,106.53,61.47,0.0,62.0,,21.55,
415.646,104.62,61.6,0.0,62.0,53.14,21.89,30.02
415.646,104.62,61.6,0.0,62.0,53.14,21.89,30.02
415.646,104.62,61.6,0.0,62.0,53.14,21.89,30.02
415.646,104.62,61.6,0.0,62.0,53.14,21.89,30.02
415.646,104.62,61.6,0.0,62.0,53.14,21.89,30.02
415.646,104.62,61.6,0.0,62.0,53.14,21.89,30.02
415.646,104.62,61.6,0.0,62.0,53.14,21.89,30.02
415.796,103.21,61.72,0.0,62.0,,22.16,
415.796,103.21,61.72,0.0,62.0,,22.16,
415.796,103.21,61.72,0.0,62.0,,22.16,
415.796,103.21,61.72,0.0,62.0,,22.16,
415.796,103.21,61.72,0.0,62.0,,22.16,
415.951,101.78,61.83,0.0,62.0,,22.42,
415.951,101.78,61.83,0.0,62.0,,22.42,
415.951,101.78,61.83,0.0,62.0,,22.42,
415.951,101.78,61.83,0.0,62.0,,22.42,
415.951,101.78,61.83,0.0,62.0,,22.42,
416.096,99.88,61.94,0.0,62.0,,22.81,
416.096,99.88,61.94,0.0,62.0,,22.81,
416.096,99.88,61.94,0.0,62.0,,22.81,
416.096,99.88,61.94,0.0,62.0,,22.81,
416.096,99.88,61.94,0.0,62.0,,22.81,
416.246,98.47,62.04,0.0,62.0,53.88,23.1,30.5
416.246,98.47,62.04,0.0,62.0,53.88,23.1,30.5
416.246,98.47,62.04,0.0,62.0,53.88,23.1,30.5
416.246,98.47,62.04,0.0,62.0,53.88,23.1,30.5
416.246,98.47,62.04,0.0,62.0,53.88,23.1,30.5
416.246,98.47,62.04,0.0,62.0,53.88,23.1,30.5
416.246,98.47,62.04,0.0,62.0,53.88,23.1,30.5
416.401,97.09,62.13,0.0,62.0,,23.4,
416.401,97.09,62.13,0.0,62.0,,23.4,
416.401,97.09,62.13,0.0,62.0,,23.4,
416.401,97.09,62.13,0.0,62.0,,23.4,
416.401,97.09,62.13,0.0,62.0,,23.4,
416.546,95.26,62.22,0.0,62.0,,23.82,
416.546,95.26,62.22,0.0,62.0,,23.82,
416.546,95.26,62.22,0.0,62.0,,23.82,
416.546,95.26,62.22,0.0,62.0,,23.82,
416.546,95.26,62.22,0.0,62.0,,23.82,
416.696,93.89,62.3,0.0,62.0,,24.13,
416.696,93.89,62.3,0.0,62.0,,24.13,
416.696,93.89,62.3,0.0,62.0,,24.13,
416.696,93.89,62.3,0.0,62.0,,24.13,
416.696,93.89,62.3,0.0,62.0,,24.13,
416.852,92.58,62.38,62.0,62.0,54.16,24.44,30.72
416.852,92.58,62.38,62.0,62.0,54.16,24.44,30.72
416.852,92.58,62.38,62.0,62.0,54.16,24.44,30.72
416.852,92.58,62.38,62.0,62.0,54.16,24.44,30.72
416.852,92.58,62.38,62.0,62.0,54.16,24.44,30.72
416.852,92.58,62.38,62.0,62.0,54.16,24.44,30.72
416.852,92.58,62.38,62.0,62.0,54.16,24.44,30.72
416.995,90.81,62.45,62.0,62.0,,24.83,
416.995,90.81,62.45,62.0,62.0,,24.83,
416.995,90.81,62.45,62.0,62.0,,24.83,
416.995,90.81,62.45,62.0,62.0,,24.83,
416.995,90.81,62.45,62.0,62.0,,24.83,
417.146,89.51,62.52,62.0,62.0,,25.19,
417.146,89.51,62.52,62.0,62.0,,25.19,
417.146,89.51,62.52,62.0,62.0,,25.19,
417.146,89.51,62.52,62.0,62.0,,25.19,
417.146,89.51,62.52,62.0,62.0,,25.19,
417.3,88.25,62.58,62.0,62.0,,25.48,
417.3,88.25,62.58,62.0,62.0,,25.48,
417.3,88.25,62.58,62.0,62.0,,25.48,
417.3,88.25,62.58,62.0,62.0,,25.48,
417.3,88.25,62.58,62.0,62.0,,25.48,
417.446,86.59,62.64,62.0,62.0,54.67,25.89,31.15
417.446,86.59,62.64,62.0,62.0,54.67,25.89,31.15
417.446,86.59,62.64,62.0,62.0,54.67,25.89,31.15
417.446,86.59,62.64,62.0,62.0,54.67,25.89,31.15
417.446,86.59,62.64,62.0,62.0,54.67,25.89,31.15
417.446,86.59,62.64,62.0,62.0,54.67,25.89,31.15
417.446,86.59,62.64,62.0,62.0,54.67,25.89,31.15
417.595,85.38,62.69,62.0,62.0,,26.2,
417.595,85.38,62.69,62.0,62.0,,26.2,
417.595,85.38,62.69,62.0,62.0,,26.2,
417.595,85.38,62.69,62.0,62.0,,26.2,
417.595,85.38,62.69,62.0,62.0,,26.2,
417.75,84.22,62.73,62.0,62.0,,26.49,
417.75,84.22,62.73,62.0,62.0,,26.49,
417.75,84.22,62.73,62.0,62.0,,26.49,
417.75,84.22,62.73,62.0,62.0,,26.49,
417.75,84.22,62.73,62.0,62.0,,26.49,
417.896,82.68,62.78,62.0,62.0,,26.9,
417.896,82.68,62.78,62.0,62.0,,26.9,
417.896,82.68,62.78,62.0,62.0,,26.9,
417.896,82.68,62.78,62.0,62.0,,26.9,
417.896,82.68,62.78,62.0,62.0,,26.9,
418.046,81.54,62.81,62.0,62.0,54.87,27.18,31.38
418.046,81.54,62.81,62.0,62.0,54.87,27.18,31.38
418.046,81.54,62.81,62.0,62.0,54.87,27.18,31.38
418.046,81.54,62.81,62.0,62.0,54.87,27.18,31.38
418.046,81.54,62.81,62.0,62.0,54.87,27.18,31.38
418.046,81.54,62.81,62.0,62.0,54.87,27.18,31.38
418.046,81.54,62.81,62.0,62.0,54.87,27.18,31.38
418.2,80.42,62.85,62.0,62.0,,27.48,
418.2,80.42,62.85,62.0,62.0,,27.48,
418.2,80.42,62.85,62.0,62.0,,27.48,
418.2,80.42,62.85,62.0,62.0,,27.48,
418.2,80.42,62.85,62.0,62.0,,27.48,
418.346,78.97,62.88,62.0,62.0,,27.86,
418.346,78.97,62.88,62.0,62.0,,27.86,
418.346,78.97,62.88,62.0,62.0,,27.86,
418.346,78.97,62.88,62.0,62.0,,27.86,
418.346,78.97,62.88,62.0,62.0,,27.86,
418.496,77.89,62.9,62.0,62.0,,28.14,
418.496,77.89,62.9,62.0,62.0,,28.14,
418.496,77.89,62.9,62.0,62.0,,28.14,
418.496,77.89,62.9,62.0,62.0,,28.14,
418.496,77.89,62.9,62.0,62.0,,28.14,
418.65,76.86,62.92,62.0,62.0,55.19,28.43,31.86
418.65,76.86,62.92,62.0,62.0,55.19,28.43,31.86
418.65,76.86,62.92,62.0,62.0,55.19,28.43,31.86
418.65,76.86,62.92,62.0,62.0,55.19,28.43,31.86
418.65,76.86,62.92,62.0,62.0,55.19,28.43,31.86
418.65,76.86,62.92,62.0,62.0,55.19,28.43,31.86
418.65,76.86,62.92,62.0,62.0,55.19,28.43,31.86
418.796,75.49,62.94,62.0,62.0,,28.8,
418.796,75.49,62.94,62.0,62.0,,28.8,
418.796,75.49,62.94,62.0,62.0,,28.8,
418.796,75.49,62.94,62.0,62.0,,28.8,
418.796,75.49,62.94,62.0,62.0,,28.8,
418.946,74.5,62.95,62.0,62.0,,29.08,
418.946,74.5,62.95,62.0,62.0,,29.08,
418.946,74.5,62.95,62.0,62.0,,29.08,
418.946,74.5,62.95,62.0,62.0,,29.08,
418.946,74.5,62.95,62.0,62.0,,29.08,
419.1,73.51,62.96,62.0,62.0,,29.36,
419.1,73.51,62.96,62.0,62.0,,29.36,
419.1,73.51,62.96,62.0,62.0,,29.36,
419.1,73.51,62.96,62.0,62.0,,29.36,
419.1,73.51,62.96,62.0,62.0,,29.36,
419.246,72.23,62.96,62.0,62.0,55.31,29.71,32.19
419.246,72.23,62.96,62.0,62.0,55.31,29.71,32.19
419.246,72.23,62.96,62.0,62.0,55.31,29.71,32.19
419.246,72.23,62.96,62.0,62.0,55.31,29.71,32.19
419.246,72.23,62.96,62.0,62.0,55.31,29.71,32.19
419.246,72.23,62.96,62.0,62.0,55.31,29.71,32.19
419.246,72.23,62.96,62.0,62.0,55.31,29.71,32.19
419.397,71.26,62.97,62.0,62.0,,29.99,
419.397,71.26,62.97,62.0,62.0,,29.99,
419.397,71.26,62.97,62.0,62.0,,29.99,
419.397,71.26,62.97,62.0,62.0,,29.99,
419.397,71.26,62.97,62.0,62.0,,29.99,
419.546,70.32,62.96,62.0,62.0,,30.28,
419.546,70.32,62.96,62.0,62.0,,30.28,
419.546,70.32,62.96,62.0,62.0,,30.28,
419.546,70.32,62.96,62.0,62.0,,30.28,
419.546,70.32,62.96,62.0,62.0,,30.28,
419.695,69.1,62.96,62.0,62.0,,30.63,
419.695,69.1,62.96,62.0,62.0,,30.63,
419.695,69.1,62.96,62.0,62.0,,30.63,
419.695,69.1,62.96,62.0,62.0,,30.63,
419.695,69.1,62.96,62.0,62.0,,30.63,
419.846,68.21,62.95,62.0,62.0,55.53,30.88,32.63
419.846,68.21,62.95,62.0,62.0,55.53,30.88,32.63
419.846,68.21,62.95,62.0,62.0,55.53,30.88,32.63
419.846,68.21,62.95,62.0,62.0,55.53,30.88,32.63
419.846,68.21,62.95,62.0,62.0,55.53,30.88,32.63
419.846,68.21,62.95,62.0,62.0,55.53,30.88,32.63
419.846,68.21,62.95,62.0,62.0,55.53,30.88,32.63
420.063,67.34,62.94,62.0,62.0,,31.14,
420.063,67.34,62.94,62.0,62.0,,31.14,
420.063,67.34,62.94,62.0,62.0,,31.14,
420.063,67.34,62.94,62.0,62.0,,31.14,
420.063,67.34,62.94,62.0,62.0,,31.14,
420.197,65.97,62.92,62.0,62.0,,31.55,
420.197,65.97,62.92,62.0,62.0,,31.55,
420.197,65.97,62.92,62.0,62.0,,31.55,
420.197,65.97,62.92,62.0,62.0,,31.55,
420.197,65.97,62.92,62.0,62.0,,31.55,
420.347,65.04,62.91,62.0,62.0,,31.84,
420.347,65.04,62.91,62.0,62.0,,31.84,
420.347,65.04,62.91,62.0,62.0,,31.84,
420.347,65.04,62.91,62.0,62.0,,31.84,
420.347,65.04,62.91,62.0,62.0,,31.84,
420.502,64.21,62.88,62.0,62.0,55.57,32.09,32.78
420.502,64.21,62.88,62.0,62.0,55.57,32.09,32.78
420.502,64.21,62.88,62.0,62.0,55.57,32.09,32.78
420.502,64.21,62.88,62.0,62.0,55.57,32.09,32.78
420.502,64.21,62.88,62.0,62.0,55.57,32.09,32.78
420.502,64.21,62.88,62.0,62.0,55.57,32.09,32.78
420.502,64.21,62.88,62.0,62.0,55.57,32.09,32.78
420.647,63.13,62.86,62.0,62.0,,32.41,
420.647,63.13,62.86,62.0,62.0,,32.41,
420.647,63.13,62.86,62.0,62.0,,32.41,
420.647,63.13,62.86,62.0,62.0,,32.41,
420.647,63.13,62.86,62.0,62.0,,32.41,
420.798,62.33,62.83,62.0,62.0,,32.67,
420.798,62.33,62.83,62.0,62.0,,32.67,
420.798,62.33,62.83,62.0,62.0,,32.67,
420.798,62.33,62.83,62.0,62.0,,32.67,
420.798,62.33,62.83,62.0,62.0,,32.67,
420.952,61.54,62.8,62.0,62.0,,32.91,
420.952,61.54,62.8,62.0,62.0,,32.91,
420.952,61.54,62.8,62.0,62.0,,32.91,
420.952,61.54,62.8,62.0,62.0,,32.91,
420.952,61.54,62.8,62.0,62.0,,32.91,
421.1,60.52,62.77,62.0,62.0,55.71,33.23,33.21
421.1,60.52,62.77,62.0,62.0,55.71,33.23,33.21
421.1,60.52,62.77,62.0,62.0,55.71,33.23,33.21
421.1,60.52,62.77,62.0,62.0,55.71,33.23,33.21
421.1,60.52,62.77,62.0,62.0,55.71,33.23,33.21
421.1,60.52,62.77,62.0,62.0,55.71,33.23,33.21
421.1,60.52,62.77,62.0,62.0,55.71,33.23,33.21
421.25,59.77,62.73,62.0,62.0,,33.49,
421.25,59.77,62.73,62.0,62.0,,33.49,
421.25,59.77,62.73,62.0,62.0,,33.49,
421.25,59.77,62.73,62.0,62.0,,33.49,
421.25,59.77,62.73,62.0,62.0,,33.49,
421.404,59.03,62.69,62.0,62.0,,33.73,
421.404,59.03,62.69,62.0,62.0,,33.73,
421.404,59.03,62.69,62.0,62.0,,33.73,
421.404,59.03,62.69,62.0,62.0,,33.73,
421.404,59.03,62.69,62.0,62.0,,33.73,
421.549,58.05,62.65,62.0,62.0,,34.04,
421.549,58.05,62.65,62.0,62.0,,34.04,
421.549,58.05,62.65,62.0,62.0,,34.04,
421.549,58.05,62.65,62.0,62.0,,34.04,
421.549,58.05,62.65,62.0,62.0,,34.04,
421.699,57.36,62.61,62.0,62.0,55.65,34.28,33.47
421.699,57.36,62.61,62.0,62.0,55.65,34.28,33.47
421.699,57.36,62.61,62.0,62.0,55.65,34.28,33.47
421.699,57.36,62.61,62.0,62.0,55.65,34.28,33.47
421.699,57.36,62.61,62.0,62.0,55.65,34.28,33.47
421.699,57.36,62.61,62.0,62.0,55.65,34.28,33.47
421.699,57.36,62.61,62.0,62.0,55.65,34.28,33.47
421.854,56.75,62.57,62.0,62.0,,34.5,
421.854,56.75,62.57,62.0,62.0,,34.5,
421.854,56.75,62.57,62.0,62.0,,34.5,
421.854,56.75,62.57,62.0,62.0,,34.5,
421.854,56.75,62.57,62.0,62.0,,34.5,
422.0,56.15,62.52,62.0,62.0,,34.77,
422.0,56.15,62.52,62.0,62.0,,34.77,
422.0,56.15,62.52,62.0,62.0,,34.77,
422.0,56.15,62.52,62.0,62.0,,34.77,
422.0,56.15,62.52,62.0,62.0,,34.77,
422.15,55.87,62.47,62.0,62.0,,34.94,
422.15,55.87,62.47,62.0,62.0,,34.94,
422.15,55.87,62.47,62.0,62.0,,34.94,
422.15,55.87,62.47,62.0,62.0,,34.94,
422.15,55.87,62.47,62.0,62.0,,34.94,
422.305,55.69,62.42,62.0,62.0,55.59,35.09,33.93
422.305,55.69,62.42,62.0,62.0,55.59,35.09,33.93
422.305,55.69,62.42,62.0,62.0,55.59,35.09,33.93
422.305,55.69,62.42,62.0,62.0,55.59,35.09,33.93
422.305,55.69,62.42,62.0,62.0,55.59,35.09,33.93
422.305,55.69,62.42,62.0,62.0,55.59,35.09,33.93
422.305,55.69,62.42,62.0,62.0,55.59,35.09,33.93
422.45,55.61,62.37,62.0,62.0,,35.25,
422.45,55.61,62.37,62.0,62.0,,35.25,
422.45,55.61,62.37,62.0,62.0,,35.25,
422.45,55.61,62.37,62.0,62.0,,35.25,
422.45,55.61,62.37,62.0,62.0,,35.25,
422.6,55.65,62.33,62.0,62.0,,35.33,
422.6,55.65,62.33,62.0,62.0,,35.33,
422.6,55.65,62.33,62.0,62.0,,35.33,
422.6,55.65,62.33,62.0,62.0,,35.33,
422.6,55.65,62.33,62.0,62.0,,35.33,
422.755,55.78,62.28,62.0,62.0,,35.39,
422.755,55.78,62.28,62.0,62.0,,35.39,
422.755,55.78,62.28,62.0,62.0,,35.39,
422.755,55.78,62.28,62.0,62.0,,35.39,
422.755,55.78,62.28,62.0,62.0,,35.39,
422.901,56.02,62.23,62.0,62.0,55.53,35.44,34.0
422.901,56.02,62.23,62.0,62.0,55.53,35.44,34.0
422.901,56.02,62.23,62.0,62.0,55.53,35.44,34.0
422.901,56.02,62.23,62.0,62.0,55.53,35.44,34.0
422.901,56.02,62.23,62.0,62.0,55.53,35.44,34.0
422.901,56.02,62.23,62.0,62.0,55.53,35.44,34.0
422.901,56.02,62.23,62.0,62.0,55.53,35.44,34.0
423.05,56.31,62.19,62.0,62.0,,35.45,
423.05,56.31,62.19,62.0,62.0,,35.45,
423.05,56.31,62.19,62.0,62.0,,35.45,
423.05,56.31,62.19,62.0,62.0,,35.45,
423.05,56.31,62.19,62.0,62.0,,35.45,
423.2,56.66,62.14,62.0,62.0,,35.45,
423.2,56.66,62.14,62.0,62.0,,35.45,
423.2,56.66,62.14,62.0,62.0,,35.45,
423.2,56.66,62.14,62.0,62.0,,35.45,
423.2,56.66,62.14,62.0,62.0,,35.45,
423.351,57.06,62.1,62.0,62.0,,35.43,
423.351,57.06,62.1,62.0,62.0,,35.43,
423.351,57.06,62.1,62.0,62.0,,35.43,
423.351,57.06,62.1,62.0,62.0,,35.43,
423.351,57.06,62.1,62.0,62.0,,35.43,
423.5,57.7,62.06,62.0,62.0,55.52,35.4,34.52
423.5,57.7,62.06,62.0,62.0,55.52,35.4,34.52
423.5,57.7,62.06,62.0,62.0,55.52,35.4,34.52
423.5,57.7,62.06,62.0,62.0,55.52,35.4,34.52
423.5,57.7,62.06,62.0,62.0,55.52,35.4,34.52
423.5,57.7,62.06,62.0,62.0,55.52,35.4,34.52
423.5,57.7,62.06,62.0,62.0,55.52,35.4,34.52
423.65,58.21,62.02,62.0,62.0,,35.36,
423.65,58.21,62.02,62.0,62.0,,35.36,
423.65,58.21,62.02,62.0,62.0,,35.36,
423.65,58.21,62.02,62.0,62.0,,35.36,
423.65,58.21,62.02,62.0,62.0,,35.36,
423.8,58.75,61.98,62.0,62.0,,35.31,
423.8,58.75,61.98,62.0,62.0,,35.31,
423.8,58.75,61.98,62.0,62.0,,35.31,
423.8,58.75,61.98,62.0,62.0,,35.31,
423.8,58.75,61.98,62.0,62.0,,35.31,
423.952,59.53,61.94,62.0,62.0,,35.25,
423.952,59.53,61.94,62.0,62.0,,35.25,
423.952,59.53,61.94,62.0,62.0,,35.25,
423.952,59.53,61.94,62.0,62.0,,35.25,
423.952,59.53,61.94,62.0,62.0,,35.25,
424.1,60.14,61.91,62.0,62.0,55.5,35.18,34.7
424.1,60.14,61.91,62.0,62.0,55.5,35.18,34.7
424.1,60.14,61.91,62.0,62.0,55.5,35.18,34.7
424.1,60.14,61.91,62.0,62.0,55.5,35.18,34.7
424.1,60.14,61.91,62.0,62.0,55.5,35.18,34.7
424.1,60.14,61.91,62.0,62.0,55.5,35.18,34.7
424.1,60.14,61.91,62.0,62.0,55.5,35.18,34.7
424.25,60.76,61.88,62.0,62.0,,35.12,
424.25,60.76,61.88,62.0,62.0,,35.12,
424.25,60.76,61.88,62.0,62.0,,35.12,
424.25,60.76,61.88,62.0,62.0,,35.12,
424.25,60.76,61.88,62.0,62.0,,35.12,
424.401,61.63,61.85,62.0,62.0,,35.04,
424.401,61.63,61.85,62.0,62.0,,35.04,
424.401,61.63,61.85,62.0,62.0,,35.04,
424.401,61.63,61.85,62.0,62.0,,35.04,
424.401,61.63,61.85,62.0,62.0,,35.04,
424.55,62.28,61.83,62.0,62.0,,34.97,
424.55,62.28,61.83,62.0,62.0,,34.97,
424.55,62.28,61.83,62.0,62.0,,34.97,
424.55,62.28,61.83,62.0,62.0,,34.97,
424.55,62.28,61.83,62.0,62.0,,34.97,
424.7,62.93,61.8,62.0,62.0,55.26,34.91,35.09
424.7,62.93,61.8,62.0,62.0,55.26,34.91,35.09
424.7,62.93,61.8,62.0,62.0,55.26,34.91,35.09
424.7,62.93,61.8,62.0,62.0,55.26,34.91,35.09
424.7,62.93,61.8,62.0,62.0,55.26,34.91,35.09
424.7,62.93,61.8,62.0,62.0,55.26,34.91,35.09
424.7,62.93,61.8,62.0,62.0,55.26,34.91,35.09
424.851,63.81,61.78,62.0,62.0,,34.83,
424.851,63.81,61.78,62.0,62.0,,34.83,
424.851,63.81,61.78,62.0,62.0,,34.83,
424.851,63.81,61.78,62.0,62.0,,34.83,
424.851,63.81,61.78,62.0,62.0,,34.83,
425.0,64.47,61.76,62.0,62.0,,34.77,
425.0,64.47,61.76,62.0,62.0,,34.77,
425.0,64.47,61.76,62.0,62.0,,34.77,
425.0,64.47,61.76,62.0,62.0,,34.77,
425.0,64.47,61.76,62.0,62.0,,34.77,
425.151,65.13,61.75,62.0,62.0,,34.71,
425.151,65.13,61.75,62.0,62.0,,34.71,
425.151,65.13,61.75,62.0,62.0,,34.71,
425.151,65.13,61.75,62.0,62.0,,34.71,
425.151,65.13,61.75,62.0,62.0,,34.71,
425.302,65.98,61.73,62.0,62.0,55.2,34.63,35.3
425.302,65.98,61.73,62.0,62.0,55.2,34.63,35.3
425.302,65.98,61.73,62.0,62.0,55.2,34.63,35.3
425.302,65.98,61.73,62.0,62.0,55.2,34.63,35.3
425.302,65.98,61.73,62.0,62.0,55.2,34.63,35.3
425.302,65.98,61.73,62.0,62.0,55.2,34.63,35.3
425.302,65.98,61.73,62.0,62.0,55.2,34.63,35.3
425.45,66.61,61.72,62.0,62.0,,34.57,
425.45,66.61,61.72,62.0,62.0,,34.57,
425.45,66.61,61.72,62.0,62.0,,34.57,
425.45,66.61,61.72,62.0,62.0,,34.57,
425.45,66.61,61.72,62.0,62.0,,34.57,
425.6,67.22,61.71,62.0,62.0,,34.51,
425.6,67.22,61.71,62.0,62.0,,34.51,
425.6,67.22,61.71,62.0,62.0,,34.51,
425.6,67.22,61.71,62.0,62.0,,34.51,
425.6,67.22,61.71,62.0,62.0,,34.51,
425.751,67.99,61.71,62.0,62.0,,34.43,
425.751,67.99,61.71,62.0,62.0,,34.43,
425.751,67.99,61.71,62.0,62.0,,34.43,
425.751,67.99,61.71,62.0,62.0,,34.43,
425.751,67.99,61.71,62.0,62.0,,34.43,
425.9,68.54,61.7,62.0,62.0,55.01,34.37,35.71
425.9,68.54,61.7,62.0,62.0,55.01,34.37,35.71
425.9,68.54,61.7,62.0,62.0,55.01,34.37,35.71
425.9,68.54,61.7,62.0,62.0,55.01,34.37,35.71
425.9,68.54,61.7,62.0,62.0,55.01,34.37,35.71
425.9,68.54,61.7,62.0,62.0,55.01,34.37,35.71
425.9,68.54,61.7,62.0,62.0,55.01,34.37,35.71
426.051,69.05,61.7,62.0,62.0,,34.3,
426.051,69.05,61.7,62.0,62.0,,34.3,
426.051,69.05,61.7,62.0,62.0,,34.3,
426.051,69.05,61.7,62.0,62.0,,34.3,
426.051,69.05,61.7,62.0,62.0,,34.3,
426.202,69.71,61.7,62.0,62.0,,34.23,
426.202,69.71,61.7,62.0,62.0,,34.23,
426.202,69.71,61.7,62.0,62.0,,34.23,
426.202,69.71,61.7,62.0,62.0,,34.23,
426.202,69.71,61.7,62.0,62.0,,34.23,
426.35,70.17,61.7,62.0,62.0,,34.19,
426.35,70.17,61.7,62.0,62.0,,34.19,
426.35,70.17,61.7,62.0,62.0,,34.19,
426.35,70.17,61.7,62.0,62.0,,34.19,
426.35,70.17,61.7,62.0,62.0,,34.19,
426.5,70.59,61.7,62.0,62.0,54.98,34.13,35.87
426.5,70.59,61.7,62.0,62.0,54.98,34.13,35.87
426.5,70.59,61.7,62.0,62.0,54.98,34.13,35.87
426.5,70.59,61.7,62.0,62.0,54.98,34.13,35.87
426.5,70.59,61.7,62.0,62.0,54.98,34.13,35.87
426.5,70.59,61.7,62.0,62.0,54.98,34.13,35.87
426.5,70.59,61.7,62.0,62.0,54.98,34.13,35.87
426.651,71.13,61.71,62.0,62.0,,34.07,
426.651,71.13,61.71,62.0,62.0,,34.07,
426.651,71.13,61.71,62.0,62.0,,34.07,
426.651,71.13,61.71,62.0,62.0,,34.07,
426.651,71.13,61.71,62.0,62.0,,34.07,
426.8,71.47,61.71,62.0,62.0,,34.01,
426.8,71.47,61.71,62.0,62.0,,34.01,
426.8,71.47,61.71,62.0,62.0,,34.01,
426.8,71.47,61.71,62.0,62.0,,34.01,
426.8,71.47,61.71,62.0,62.0,,34.01,
426.95,71.8,61.72,62.0,62.0,,33.97,
426.95,71.8,61.72,62.0,62.0,,33.97,
426.95,71.8,61.72,62.0,62.0,,33.97,
426.95,71.8,61.72,62.0,62.0,,33.97,
426.95,71.8,61.72,62.0,62.0,,33.97,
427.101,72.19,61.73,62.0,62.0,54.84,33.92,36.22
427.101,72.19,61.73,62.0,62.0,54.84,33.92,36.22
427.101,72.19,61.73,62.0,62.0,54.84,33.92,36.22
427.101,72.19,61.73,62.0,62.0,54.84,33.92,36.22
427.101,72.19,61.73,62.0,62.0,54.84,33.92,36.22
427.101,72.19,61.73,62.0,62.0,54.84,33.92,36.22
427.101,72.19,61.73,62.0,62.0,54.84,33.92,36.22
427.25,72.44,61.73,62.0,62.0,,33.88,
427.25,72.44,61.73,62.0,62.0,,33.88,
427.25,72.44,61.73,62.0,62.0,,33.88,
427.25,72.44,61.73,62.0,62.0,,33.88,
427.25,72.44,61.73,62.0,62.0,,33.88,
427.4,72.67,61.74,62.0,62.0,,33.84,
427.4,72.67,61.74,62.0,62.0,,33.84,
427.4,72.67,61.74,62.0,62.0,,33.84,
427.4,72.67,61.74,62.0,62.0,,33.84,
427.4,72.67,61.74,62.0,62.0,,33.84,
427.553,72.9,61.75,62.0,62.0,,33.79,
427.553,72.9,61.75,62.0,62.0,,33.79,
427.553,72.9,61.75,62.0,62.0,,33.79,
427.553,72.9,61.75,62.0,62.0,,33.79,
427.553,72.9,61.75,62.0,62.0,,33.79,
427.702,73.05,61.77,62.0,62.0,54.79,33.76,36.47
427.702,73.05,61.77,62.0,62.0,54.79,33.76,36.47
427.702,73.05,61.77,62.0,62.0,54.79,33.76,36.47
427.702,73.05,61.77,62.0,62.0,54.79,33.76,36.47
427.702,73.05,61.77,62.0,62.0,54.79,33.76,36.47
427.702,73.05,61.77,62.0,62.0,54.79,33.76,36.47
427.702,73.05,61.77,62.0,62.0,54.79,33.76,36.47
427.852,73.16,61.78,62.0,62.0,,33.73,
427.852,73.16,61.78,62.0,62.0,,33.73,
427.852,73.16,61.78,62.0,62.0,,33.73,
427.852,73.16,61.78,62.0,62.0,,33.73,
427.852,73.16,61.78,62.0,62.0,,33.73,
428.003,73.27,61.79,62.0,62.0,,33.7,
428.003,73.27,61.79,62.0,62.0,,33.7,
428.003,73.27,61.79,62.0,62.0,,33.7,
428.003,73.27,61.79,62.0,62.0,,33.7,
428.003,73.27,61.79,62.0,62.0,,33.7,
428.152,73.32,61.8,62.0,62.0,,33.67,
428.152,73.32,61.8,62.0,62.0,,33.67,
428.152,73.32,61.8,62.0,62.0,,33.67,
428.152,73.32,61.8,62.0,62.0,,33.67,
428.152,73.32,61.8,62.0,62.0,,33.67,
428.302,73.35,61.81,62.0,62.0,54.63,33.66,36.81
428.302,73.35,61.81,62.0,62.0,54.63,33.66,36.81
428.302,73.35,61.81,62.0,62.0,54.63,33.66,36.81
428.302,73.35,61.81,62.0,62.0,54.63,33.66,36.81
428.302,73.35,61.81,62.0,62.0,54.63,33.66,36.81
428.302,73.35,61.81,62.0,62.0,54.63,33.66,36.81
428.302,73.35,61.81,62.0,62.0,54.63,33.66,36.81
428.454,73.35,61.82,62.0,62.0,,33.63,
428.454,73.35,61.82,62.0,62.0,,33.63,
428.454,73.35,61.82,62.0,62.0,,33.63,
428.454,73.35,61.82,62.0,62.0,,33.63,
428.454,73.35,61.82,62.0,62.0,,33.63,
428.603,73.32,61.83,62.0,62.0,,33.61,
428.603,73.32,61.83,62.0,62.0,,33.61,
428.603,73.32,61.83,62.0,62.0,,33.61,
428.603,73.32,61.83,62.0,62.0,,33.61,
428.603,73.32,61.83,62.0,62.0,,33.61,
428.753,73.28,61.85,62.0,62.0,,33.58,
428.753,73.28,61.85,62.0,62.0,,33.58,
428.753,73.28,61.85,62.0,62.0,,33.58,
428.753,73.28,61.85,62.0,62.0,,33.58,
428.753,73.28,61.85,62.0,62.0,,33.58,
428.904,73.19,61.86,62.0,62.0,54.56,33.56,37.13
428.904,73.19,61.86,62.0,62.0,54.56,33.56,37.13
428.904,73.19,61.86,62.0,62.0,54.56,33.56,37.13
428.904,73.19,61.86,62.0,62.0,54.56,33.56,37.13
428.904,73.19,61.86,62.0,62.0,54.56,33.56,37.13
428.904,73.19,61.86,62.0,62.0,54.56,33.56,37.13
428.904,73.19,61.86,62.0,62.0,54.56,33.56,37.13
429.053,73.1,61.87,62.0,62.0,,33.55,
429.053,73.1,61.87,62.0,62.0,,33.55,
429.053,73.1,61.87,62.0,62.0,,33.55,
429.053,73.1,61.87,62.0,62.0,,33.55,
429.053,73.1,61.87,62.0,62.0,,33.55,
429.203,73.01,61.88,62.0,62.0,,33.53,
429.203,73.01,61.88,62.0,62.0,,33.53,
429.203,73.01,61.88,62.0,62.0,,33.53,
429.203,73.01,61.88,62.0,62.0,,33.53,
429.203,73.01,61.88,62.0,62.0,,33.53,
429.355,72.84,61.89,62.0,62.0,,33.52,
429.355,72.84,61.89,62.0,62.0,,33.52,
429.355,72.84,61.89,62.0,62.0,,33.52,
429.355,72.84,61.89,62.0,62.0,,33.52,
429.355,72.84,61.89,62.0,62.0,,33.52,
429.504,72.71,61.9,62.0,62.0,54.51,33.51,37.41
429.504,72.71,61.9,62.0,62.0,54.51,33.51,37.41
429.504,72.71,61.9,62.0,62.0,54.51,33.51,37.41
429.504,72.71,61.9,62.0,62.0,54.51,33.51,37.41
429.504,72.71,61.9,62.0,62.0,54.51,33.51,37.41
429.504,72.71,61.9,62.0,62.0,54.51,33.51,37.41
429.504,72.71,61.9,62.0,62.0,54.51,33.51,37.41
429.654,72.57,61.91,62.0,62.0,,33.5,
429.654,72.57,61.91,62.0,62.0,,33.5,
429.654,72.57,61.91,62.0,62.0,,33.5,
429.654,72.57,61.91,62.0,62.0,,33.5,
429.654,72.57,61.91,62.0,62.0,,33.5,
429.805,72.37,61.92,62.0,62.0,,33.5,
429.805,72.37,61.92,62.0,62.0,,33.5,
429.805,72.37,61.92,62.0,62.0,,33.5,
429.805,72.37,61.92,62.0,62.0,,33.5,
429.805,72.37,61.92,62.0,62.0,,33.5,
429.954,72.22,61.92,62.0,62.0,,33.49,
429.954,72.22,61.92,62.0,62.0,,33.49,
429.954,72.22,61.92,62.0,62.0,,33.49,
429.954,72.22,61.92,62.0,62.0,,33.49,
429.954,72.22,61.92,62.0,62.0,,33.49,
430.104,72.06,61.93,62.0,62.0,54.5,33.49,37.65
430.104,72.06,61.93,62.0,62.0,54.5,33.49,37.65
430.104,72.06,61.93,62.0,62.0,54.5,33.49,37.65
430.104,72.06,61.93,62.0,62.0,54.5,33.49,37.65
430.104,72.06,61.93,62.0,62.0,54.5,33.49,37.65
430.104,72.06,61.93,62.0,62.0,54.5,33.49,37.65
430.104,72.06,61.93,62.0,62.0,54.5,33.49,37.65
430.255,71.83,61.94,62.0,62.0,,33.48,
430.255,71.83,61.94,62.0,62.0,,33.48,
430.255,71.83,61.94,62.0,62.0,,33.48,
430.255,71.83,61.94,62.0,62.0,,33.48,
430.255,71.83,61.94,62.0,62.0,,33.48,
430.404,71.65,61.94,62.0,62.0,,33.48,
430.404,71.65,61.94,62.0,62.0,,33.48,
430.404,71.65,61.94,62.0,62.0,,33.48,
430.404,71.65,61.94,62.0,62.0,,33.48,
430.404,71.65,61.94,62.0,62.0,,33.48,
430.554,71.49,61.95,62.0,62.0,,33.47,
430.554,71.49,61.95,62.0,62.0,,33.47,
430.554,71.49,61.95,62.0,62.0,,33.47,
430.554,71.49,61.95,62.0,62.0,,33.47,
430.554,71.49,61.95,62.0,62.0,,33.47,
430.673,,,,,54.46,,38.01
430.673,,,,,54.46,,38.01
430.706,71.27,61.95,62.0,62.0,,33.48,
430.706,71.27,61.95,62.0,62.0,,33.48,
430.706,71.27,61.95,62.0,62.0,,33.48,
430.706,71.27,61.95,62.0,62.0,,33.48,
430.706,71.27,61.95,62.0,62.0,,33.48,
430.854,71.12,61.96,62.0,62.0,,33.47,
430.854,71.12,61.96,62.0,62.0,,33.47,
430.854,71.12,61.96,62.0,62.0,,33.47,
430.854,71.12,61.96,62.0,62.0,,33.47,
430.854,71.12,61.96,62.0,62.0,,33.47,
431.004,70.97,61.96,62.0,62.0,,33.48,
431.004,70.97,61.96,62.0,62.0,,33.48,
431.004,70.97,61.96,62.0,62.0,,33.48,
431.004,70.97,61.96,62.0,62.0,,33.48,
431.004,70.97,61.96,62.0,62.0,,33.48,
431.155,70.76,61.96,62.0,62.0,54.62,33.46,38.29
431.155,70.76,61.96,62.0,62.0,54.62,33.46,38.29
431.155,70.76,61.96,62.0,62.0,54.62,33.46,38.29
431.155,70.76,61.96,62.0,62.0,54.62,33.46,38.29
431.155,70.76,61.96,62.0,62.0,54.62,33.46,38.29
431.155,70.76,61.96,62.0,62.0,54.62,33.46,38.29
431.155,70.76,61.96,62.0,62.0,54.62,33.46,38.29
431.304,70.6,61.97,62.0,62.0,,33.46,
431.304,70.6,61.97,62.0,62.0,,33.46,
431.304,70.6,61.97,62.0,62.0,,33.46,
431.304,70.6,61.97,62.0,62.0,,33.46,
431.304,70.6,61.97,62.0,62.0,,33.46,
431.454,70.46,61.97,62.0,62.0,,33.46,
431.454,70.46,61.97,62.0,62.0,,33.46,
431.454,70.46,61.97,62.0,62.0,,33.46,
431.454,70.46,61.97,62.0,62.0,,33.46,
431.454,70.46,61.97,62.0,62.0,,33.46,
431.605,70.28,61.97,62.0,62.0,,33.45,
431.605,70.28,61.97,62.0,62.0,,33.45,
431.605,70.28,61.97,62.0,62.0,,33.45,
431.605,70.28,61.97,62.0,62.0,,33.45,
431.605,70.28,61.97,62.0,62.0,,33.45,
431.754,70.15,61.97,62.0,62.0,,33.45,
431.754,70.15,61.97,62.0,62.0,,33.45,
431.754,70.15,61.97,62.0,62.0,,33.45,
431.754,70.15,61.97,62.0,62.0,,33.45,
431.754,70.15,61.97,62.0,62.0,,33.45,
431.784,,,,,54.77,,38.64
431.784,,,,,54.77,,38.64
431.904,70.02,61.97,62.0,62.0,,33.45,
431.904,70.02,61.97,62.0,62.0,,33.45,
431.904,70.02,61.97,62.0,62.0,,33.45,
431.904,70.02,61.97,62.0,62.0,,33.45,
431.904,70.02,61.97,62.0,62.0,,33.45,
432.088,69.89,61.97,62.0,62.0,,33.44,
432.088,69.89,61.97,62.0,62.0,,33.44,
432.088,69.89,61.97,62.0,62.0,,33.44,
432.088,69.89,61.97,62.0,62.0,,33.44,
432.088,69.89,61.97,62.0,62.0,,33.44,
432.237,69.78,61.97,62.0,62.0,,33.44,
432.237,69.78,61.97,62.0,62.0,,33.44,
432.237,69.78,61.97,62.0,62.0,,33.44,
432.237,69.78,61.97,62.0,62.0,,33.44,
432.237,69.78,61.97,62.0,62.0,,33.44,
432.383,69.65,61.97,62.0,62.0,54.85,33.42,38.77
432.383,69.65,61.97,62.0,62.0,54.85,33.42,38.77
432.383,69.65,61.97,62.0,62.0,54.85,33.42,38.77
432.383,69.65,61.97,62.0,62.0,54.85,33.42,38.77
432.383,69.65,61.97,62.0,62.0,54.85,33.42,38.77
432.383,69.65,61.97,62.0,62.0,54.85,33.42,38.77
432.383,69.65,61.97,62.0,62.0,54.85,33.42,38.77
432.533,69.56,61.97,62.0,62.0,,33.42,
432.533,69.56,61.97,62.0,62.0,,33.42,
432.533,69.56,61.97,62.0,62.0,,33.42,
432.533,69.56,61.97,62.0,62.0,,33.42,
432.533,69.56,61.97,62.0,62.0,,33.42,
432.684,69.48,61.96,62.0,62.0,,33.41,
432.684,69.48,61.96,62.0,62.0,,33.41,
432.684,69.48,61.96,62.0,62.0,,33.41,
432.684,69.48,61.96,62.0,62.0,,33.41,
432.684,69.48,61.96,62.0,62.0,,33.41,
432.833,69.4,61.96,62.0,62.0,,33.4,
432.833,69.4,61.96,62.0,62.0,,33.4,
432.833,69.4,61.96,62.0,62.0,,33.4,
432.833,69.4,61.96,62.0,62.0,,33.4,
432.833,69.4,61.96,62.0,62.0,,33.4,
432.984,69.34,61.96,62.0,62.0,55.01,33.38,39.2
432.984,69.34,61.96,62.0,62.0,55.01,33.38,39.2
432.984,69.34,61.96,62.0,62.0,55.01,33.38,39.2
432.984,69.34,61.96,62.0,62.0,55.01,33.38,39.2
432.984,69.34,61.96,62.0,62.0,55.01,33.38,39.2
432.984,69.34,61.96,62.0,62.0,55.01,33.38,39.2
432.984,69.34,61.96,62.0,62.0,55.01,33.38,39.2
433.134,69.31,61.96,62.0,62.0,,33.37,
433.134,69.31,61.96,62.0,62.0,,33.37,
433.134,69.31,61.96,62.0,62.0,,33.37,
433.134,69.31,61.96,62.0,62.0,,33.37,
433.134,69.31,61.96,62.0,62.0,,33.37,
433.283,69.25,61.96,62.0,62.0,,33.36,
433.283,69.25,61.96,62.0,62.0,,33.36,
433.283,69.25,61.96,62.0,62.0,,33.36,
433.283,69.25,61.96,62.0,62.0,,33.36,
433.283,69.25,61.96,62.0,62.0,,33.36,
433.433,69.22,61.95,62.0,62.0,,33.34,
433.433,69.22,61.95,62.0,62.0,,33.34,
433.433,69.22,61.95,62.0,62.0,,33.34,
433.433,69.22,61.95,62.0,62.0,,33.34,
433.433,69.22,61.95,62.0,62.0,,33.34,
433.583,69.21,61.95,62.0,62.0,55.14,33.32,39.41
433.583,69.21,61.95,62.0,62.0,55.14,33.32,39.41
433.583,69.21,61.95,62.0,62.0,55.14,33.32,39.41
433.583,69.21,61.95,62.0,62.0,55.14,33.32,39.41
433.583,69.21,61.95,62.0,62.0,55.14,33.32,39.41
433.583,69.21,61.95,62.0,62.0,55.14,33.32,39.41
433.583,69.21,61.95,62.0,62.0,55.14,33.32,39.41
433.733,69.19,61.95,62.0,62.0,,33.31,
433.733,69.19,61.95,62.0,62.0,,33.31,
433.733,69.19,61.95,62.0,62.0,,33.31,
433.733,69.19,61.95,62.0,62.0,,33.31,
433.733,69.19,61.95,62.0,62.0,,33.31,
433.883,69.18,61.95,62.0,62.0,,33.3,
433.883,69.18,61.95,62.0,62.0,,33.3,
433.883,69.18,61.95,62.0,62.0,,33.3,
433.883,69.18,61.95,62.0,62.0,,33.3,
433.883,69.18,61.95,62.0,62.0,,33.3,
434.034,69.18,61.94,62.0,62.0,,33.28,
434.034,69.18,61.94,62.0,62.0,,33.28,
434.034,69.18,61.94,62.0,62.0,,33.28,
434.034,69.18,61.94,62.0,62.0,,33.28,
434.034,69.18,61.94,62.0,62.0,,33.28,
434.183,69.18,61.94,62.0,62.0,55.27,33.26,39.72
434.183,69.18,61.94,62.0,62.0,55.27,33.26,39.72
434.183,69.18,61.94,62.0,62.0,55.27,33.26,39.72
434.183,69.18,61.94,62.0,62.0,55.27,33.26,39.72
434.183,69.18,61.94,62.0,62.0,55.27,33.26,39.72
434.183,69.18,61.94,62.0,62.0,55.27,33.26,39.72
434.183,69.18,61.94,62.0,62.0,55.27,33.26,39.72
434.333,69.19,61.94,62.0,62.0,,33.24,
434.333,69.19,61.94,62.0,62.0,,33.24,
434.333,69.19,61.94,62.0,62.0,,33.24,
434.333,69.19,61.94,62.0,62.0,,33.24,
434.333,69.19,61.94,62.0,62.0,,33.24,
434.483,69.22,61.94,62.0,62.0,,33.22,
434.483,69.22,61.94,62.0,62.0,,33.22,
434.483,69.22,61.94,62.0,62.0,,33.22,
434.483,69.22,61.94,62.0,62.0,,33.22,
434.483,69.22,61.94,62.0,62.0,,33.22,
434.633,69.25,61.93,62.0,62.0,,33.2,
434.633,69.25,61.93,62.0,62.0,,33.2,
434.633,69.25,61.93,62.0,62.0,,33.2,
434.633,69.25,61.93,62.0,62.0,,33.2,
434.633,69.25,61.93,62.0,62.0,,33.2,
434.783,69.27,61.93,62.0,62.0,55.3,33.18,39.96
434.783,69.27,61.93,62.0,62.0,55.3,33.18,39.96
434.783,69.27,61.93,62.0,62.0,55.3,33.18,39.96
434.783,69.27,61.93,62.0,62.0,55.3,33.18,39.96
434.783,69.27,61.93,62.0,62.0,55.3,33.18,39.96
434.783,69.27,61.93,62.0,62.0,55.3,33.18,39.96
434.783,69.27,61.93,62.0,62.0,55.3,33.18,39.96
434.933,69.3,61.93,62.0,62.0,,33.16,
434.933,69.3,61.93,62.0,62.0,,33.16,
434.933,69.3,61.93,62.0,62.0,,33.16,
434.933,69.3,61.93,62.0,62.0,,33.16,
434.933,69.3,61.93,62.0,62.0,,33.16,
435.086,69.35,61.93,62.0,62.0,,33.14,
435.086,69.35,61.93,62.0,62.0,,33.14,
435.086,69.35,61.93,62.0,62.0,,33.14,
435.086,69.35,61.93,62.0,62.0,,33.14,
435.086,69.35,61.93,62.0,62.0,,33.14,
435.236,69.38,61.92,62.0,62.0,,33.11,
435.236,69.38,61.92,62.0,62.0,,33.11,
435.236,69.38,61.92,62.0,62.0,,33.11,
435.236,69.38,61.92,62.0,62.0,,33.11,
435.236,69.38,61.92,62.0,62.0,,33.11,
435.385,69.41,61.92,62.0,62.0,55.45,33.1,40.3
435.385,69.41,61.92,62.0,62.0,55.45,33.1,40.3
435.385,69.41,61.92,62.0,62.0,55.45,33.1,40.3
435.385,69.41,61.92,62.0,62.0,55.45,33.1,40.3
435.385,69.41,61.92,62.0,62.0,55.45,33.1,40.3
435.385,69.41,61.92,62.0,62.0,55.45,33.1,40.3
435.385,69.41,61.92,62.0,62.0,55.45,33.1,40.3
435.537,69.46,61.92,62.0,62.0,,33.08,
435.537,69.46,61.92,62.0,62.0,,33.08,
435.537,69.46,61.92,62.0,62.0,,33.08,
435.537,69.46,61.92,62.0,62.0,,33.08,
435.537,69.46,61.92,62.0,62.0,,33.08,
435.685,69.51,61.92,62.0,62.0,,33.06,
435.685,69.51,61.92,62.0,62.0,,33.06,
435.685,69.51,61.92,62.0,62.0,,33.06,
435.685,69.51,61.92,62.0,62.0,,33.06,
435.685,69.51,61.92,62.0,62.0,,33.06,
435.835,69.55,61.92,62.0,62.0,,33.04,
435.835,69.55,61.92,62.0,62.0,,33.04,
435.835,69.55,61.92,62.0,62.0,,33.04,
435.835,69.55,61.92,62.0,62.0,,33.04,
435.835,69.55,61.92,62.0,62.0,,33.04,
435.986,69.61,61.92,62.0,62.0,55.49,33.01,40.37
435.986,69.61,61.92,62.0,62.0,55.49,33.01,40.37
435.986,69.61,61.92,62.0,62.0,55.49,33.01,40.37
435.986,69.61,61.92,62.0,62.0,55.49,33.01,40.37
435.986,69.61,61.92,62.0,62.0,55.49,33.01,40.37
435.986,69.61,61.92,62.0,62.0,55.49,33.01,40.37
435.986,69.61,61.92,62.0,62.0,55.49,33.01,40.37
436.135,69.65,61.92,62.0,62.0,,32.99,
436.135,69.65,61.92,62.0,62.0,,32.99,
436.135,69.65,61.92,62.0,62.0,,32.99,
436.135,69.65,61.92,62.0,62.0,,32.99,
436.135,69.65,61.92,62.0,62.0,,32.99,
436.285,69.7,61.92,62.0,62.0,,32.97,
436.285,69.7,61.92,62.0,62.0,,32.97,
436.285,69.7,61.92,62.0,62.0,,32.97,
436.285,69.7,61.92,62.0,62.0,,32.97,
436.285,69.7,61.92,62.0,62.0,,32.97,
436.438,69.75,61.91,62.0,62.0,,32.94,
436.438,69.75,61.91,62.0,62.0,,32.94,
436.438,69.75,61.91,62.0,62.0,,32.94,
436.438,69.75,61.91,62.0,62.0,,32.94,
436.438,69.75,61.91,62.0,62.0,,32.94,
436.587,69.8,61.91,62.0,62.0,55.5,32.93,40.71
436.587,69.8,61.91,62.0,62.0,55.5,32.93,40.71
436.587,69.8,61.91,62.0,62.0,55.5,32.93,40.71
436.587,69.8,61.91,62.0,62.0,55.5,32.93,40.71
436.587,69.8,61.91,62.0,62.0,55.5,32.93,40.71
436.587,69.8,61.91,62.0,62.0,55.5,32.93,40.71
436.587,69.8,61.91,62.0,62.0,55.5,32.93,40.71
436.737,69.84,61.91,62.0,62.0,,32.91,
436.737,69.84,61.91,62.0,62.0,,32.91,
436.737,69.84,61.91,62.0,62.0,,32.91,
436.737,69.84,61.91,62.0,62.0,,32.91,
436.737,69.84,61.91,62.0,62.0,,32.91,
436.888,69.9,61.91,62.0,62.0,,32.88,
436.888,69.9,61.91,62.0,62.0,,32.88,
436.888,69.9,61.91,62.0,62.0,,32.88,
436.888,69.9,61.91,62.0,62.0,,32.88,
436.888,69.9,61.91,62.0,62.0,,32.88,
437.037,69.93,61.91,62.0,62.0,,32.87,
437.037,69.93,61.91,62.0,62.0,,32.87,
437.037,69.93,61.91,62.0,62.0,,32.87,
437.037,69.93,61.91,62.0,62.0,,32.87,
437.037,69.93,61.91,62.0,62.0,,32.87,
437.187,69.96,61.91,62.0,62.0,55.57,32.85,40.88
437.187,69.96,61.91,62.0,62.0,55.57,32.85,40.88
437.187,69.96,61.91,62.0,62.0,55.57,32.85,40.88
437.187,69.96,61.91,62.0,62.0,55.57,32.85,40.88
437.187,69.96,61.91,62.0,62.0,55.57,32.85,40.88
437.187,69.96,61.91,62.0,62.0,55.57,32.85,40.88
437.187,69.96,61.91,62.0,62.0,55.57,32.85,40.88
437.338,70.01,61.91,62.0,62.0,,32.82,
437.338,70.01,61.91,62.0,62.0,,32.82,
437.338,70.01,61.91,62.0,62.0,,32.82,
437.338,70.01,61.91,62.0,62.0,,32.82,
437.338,70.01,61.91,62.0,62.0,,32.82,
437.487,70.04,61.91,62.0,62.0,,32.81,
437.487,70.04,61.91,62.0,62.0,,32.81,
437.487,70.04,61.91,62.0,62.0,,32.81,
437.487,70.04,61.91,62.0,62.0,,32.81,
437.487,70.04,61.91,62.0,62.0,,32.81,
437.637,70.07,61.91,62.0,62.0,,32.79,
437.637,70.07,61.91,62.0,62.0,,32.79,
437.637,70.07,61.91,62.0,62.0,,32.79,
437.637,70.07,61.91,62.0,62.0,,32.79,
437.637,70.07,61.91,62.0,62.0,,32.79,
437.788,70.1,61.92,62.0,62.0,55.63,32.77,41.04
437.788,70.1,61.92,62.0,62.0,55.63,32.77,41.04
437.788,70.1,61.92,62.0,62.0,55.63,32.77,41.04
437.788,70.1,61.92,62.0,62.0,55.63,32.77,41.04
437.788,70.1,61.92,62.0,62.0,55.63,32.77,41.04
437.788,70.1,61.92,62.0,62.0,55.63,32.77,41.04
437.788,70.1,61.92,62.0,62.0,55.63,32.77,41.04
437.937,70.11,61.92,62.0,62.0,,32.75,
437.937,70.11,61.92,62.0,62.0,,32.75,
437.937,70.11,61.92,62.0,62.0,,32.75,
437.937,70.11,61.92,62.0,62.0,,32.75,
437.937,70.11,61.92,62.0,62.0,,32.75,
438.087,70.14,61.92,62.0,62.0,,32.73,
438.087,70.14,61.92,62.0,62.0,,32.73,
438.087,70.14,61.92,62.0,62.0,,32.73,
438.087,70.14,61.92,62.0,62.0,,32.73,
438.087,70.14,61.92,62.0,62.0,,32.73,
438.242,70.15,61.92,62.0,62.0,,32.72,
438.242,70.15,61.92,62.0,62.0,,32.72,
438.242,70.15,61.92,62.0,62.0,,32.72,
438.242,70.15,61.92,62.0,62.0,,32.72,
438.242,70.15,61.92,62.0,62.0,,32.72,
438.388,70.18,61.92,62.0,62.0,55.68,32.69,41.41
438.388,70.18,61.92,62.0,62.0,55.68,32.69,41.41
438.388,70.18,61.92,62.0,62.0,55.68,32.69,41.41
438.388,70.18,61.92,62.0,62.0,55.68,32.69,41.41
438.388,70.18,61.92,62.0,62.0,55.68,32.69,41.41
438.388,70.18,61.92,62.0,62.0,55.68,32.69,41.41
438.388,70.18,61.92,62.0,62.0,55.68,32.69,41.41
438.539,70.19,61.92,62.0,62.0,,32.67,
438.539,70.19,61.92,62.0,62.0,,32.67,
438.539,70.19,61.92,62.0,62.0,,32.67,
438.539,70.19,61.92,62.0,62.0,,32.67,
438.539,70.19,61.92,62.0,62.0,,32.67,
438.693,70.19,61.92,62.0,62.0,,32.66,
438.693,70.19,61.92,62.0,62.0,,32.66,
438.693,70.19,61.92,62.0,62.0,,32.66,
438.693,70.19,61.92,62.0,62.0,,32.66,
438.693,70.19,61.92,62.0,62.0,,32.66,
438.84,70.2,61.92,62.0,62.0,,32.63,
438.84,70.2,61.92,62.0,62.0,,32.63,
438.84,70.2,61.92,62.0,62.0,,32.63,
438.84,70.2,61.92,62.0,62.0,,32.63,
438.84,70.2,61.92,62.0,62.0,,32.63,
438.99,70.21,61.92,62.0,62.0,55.82,32.62,41.63
438.99,70.21,61.92,62.0,62.0,55.82,32.62,41.63
438.99,70.21,61.92,62.0,62.0,55.82,32.62,41.63
438.99,70.21,61.92,62.0,62.0,55.82,32.62,41.63
438.99,70.21,61.92,62.0,62.0,55.82,32.62,41.63
438.99,70.21,61.92,62.0,62.0,55.82,32.62,41.63
438.99,70.21,61.92,62.0,62.0,55.82,32.62,41.63
439.145,70.23,61.92,62.0,62.0,,32.6,
439.145,70.23,61.92,62.0,62.0,,32.6,
439.145,70.23,61.92,62.0,62.0,,32.6,
439.145,70.23,61.92,62.0,62.0,,32.6,
439.145,70.23,61.92,62.0,62.0,,32.6,
439.292,70.23,61.92,62.0,62.0,,32.58,
439.292,70.23,61.92,62.0,62.0,,32.58,
439.292,70.23,61.92,62.0,62.0,,32.58,
439.292,70.23,61.92,62.0,62.0,,32.58,
439.292,70.23,61.92,62.0,62.0,,32.58,
439.442,70.22,61.92,62.0,62.0,,32.57,
439.442,70.22,61.92,62.0,62.0,,32.57,
439.442,70.22,61.92,62.0,62.0,,32.57,
439.442,70.22,61.92,62.0,62.0,,32.57,
439.442,70.22,61.92,62.0,62.0,,32.57,
439.597,70.22,61.92,62.0,62.0,,32.56,
439.597,70.22,61.92,62.0,62.0,,32.56,
439.597,70.22,61.92,62.0,62.0,,32.56,
439.597,70.22,61.92,62.0,62.0,,32.56,
439.597,70.22,61.92,62.0,62.0,,32.56,
439.676,,,,,55.78,,41.83
439.676,,,,,55.78,,41.83
439.743,70.21,61.93,62.0,62.0,,32.54,
439.743,70.21,61.93,62.0,62.0,,32.54,
439.743,70.21,61.93,62.0,62.0,,32.54,
439.743,70.21,61.93,62.0,62.0,,32.54,
439.743,70.21,61.93,62.0,62.0,,32.54,
439.894,70.2,61.93,62.0,62.0,,32.52,
439.894,70.2,61.93,62.0,62.0,,32.52,
439.894,70.2,61.93,62.0,62.0,,32.52,
439.894,70.2,61.93,62.0,62.0,,32.52,
439.894,70.2,61.93,62.0,62.0,,32.52,
440.048,70.21,61.93,62.0,62.0,,32.5,
440.048,70.21,61.93,62.0,62.0,,32.5,
440.048,70.21,61.93,62.0,62.0,,32.5,
440.048,70.21,61.93,62.0,62.0,,32.5,
440.048,70.21,61.93,62.0,62.0,,32.5,
440.193,70.2,61.93,62.0,62.0,55.94,32.48,42.14
440.193,70.2,61.93,62.0,62.0,55.94,32.48,42.14
440.193,70.2,61.93,62.0,62.0,55.94,32.48,42.14
440.193,70.2,61.93,62.0,62.0,55.94,32.48,42.14
440.193,70.2,61.93,62.0,62.0,55.94,32.48,42.14
440.193,70.2,61.93,62.0,62.0,55.94,32.48,42.14
440.193,70.2,61.93,62.0,62.0,55.94,32.48,42.14
440.343,70.19,61.93,62.0,62.0,,32.47,
440.343,70.19,61.93,62.0,62.0,,32.47,
440.343,70.19,61.93,62.0,62.0,,32.47,
440.343,70.19,61.93,62.0,62.0,,32.47,
440.343,70.19,61.93,62.0,62.0,,32.47,
440.498,70.19,61.93,62.0,62.0,,32.46,
440.498,70.19,61.93,62.0,62.0,,32.46,
440.498,70.19,61.93,62.0,62.0,,32.46,
440.498,70.19,61.93,62.0,62.0,,32.46,
440.498,70.19,61.93,62.0,62.0,,32.46,
440.643,70.17,61.93,62.0,62.0,,32.44,
440.643,70.17,61.93,62.0,62.0,,32.44,
440.643,70.17,61.93,62.0,62.0,,32.44,
440.643,70.17,61.93,62.0,62.0,,32.44,
440.643,70.17,61.93,62.0,62.0,,32.44,
440.794,70.17,61.93,62.0,62.0,56.02,32.43,42.31
440.794,70.17,61.93,62.0,62.0,56.02,32.43,42.31
440.794,70.17,61.93,62.0,62.0,56.02,32.43,42.31
440.794,70.17,61.93,62.0,62.0,56.02,32.43,42.31
440.794,70.17,61.93,62.0,62.0,56.02,32.43,42.31
440.794,70.17,61.93,62.0,62.0,56.02,32.43,42.31
440.794,70.17,61.93,62.0,62.0,56.02,32.43,42.31
440.948,70.15,61.93,62.0,62.0,,32.41,
440.948,70.15,61.93,62.0,62.0,,32.41,
440.948,70.15,61.93,62.0,62.0,,32.41,
440.948,70.15,61.93,62.0,62.0,,32.41,
440.948,70.15,61.93,62.0,62.0,,32.41,
441.093,70.15,61.93,62.0,62.0,,32.4,
441.093,70.15,61.93,62.0,62.0,,32.4,
441.093,70.15,61.93,62.0,62.0,,32.4,
441.093,70.15,61.93,62.0,62.0,,32.4,
441.093,70.15,61.93,62.0,62.0,,32.4,
441.243,70.14,61.93,62.0,62.0,,32.38,
441.243,70.14,61.93,62.0,62.0,,32.38,
441.243,70.14,61.93,62.0,62.0,,32.38,
441.243,70.14,61.93,62.0,62.0,,32.38,
441.243,70.14,61.93,62.0,62.0,,32.38,
441.398,70.13,61.93,62.0,62.0,56.03,32.37,42.52
441.398,70.13,61.93,62.0,62.0,56.03,32.37,42.52
441.398,70.13,61.93,62.0,62.0,56.03,32.37,42.52
441.398,70.13,61.93,62.0,62.0,56.03,32.37,42.52
441.398,70.13,61.93,62.0,62.0,56.03,32.37,42.52
441.398,70.13,61.93,62.0,62.0,56.03,32.37,42.52
441.398,70.13,61.93,62.0,62.0,56.03,32.37,42.52
441.543,70.13,61.93,62.0,62.0,,32.35,
441.543,70.13,61.93,62.0,62.0,,32.35,
441.543,70.13,61.93,62.0,62.0,,32.35,
441.543,70.13,61.93,62.0,62.0,,32.35,
441.543,70.13,61.93,62.0,62.0,,32.35,
441.693,70.12,61.94,62.0,62.0,,32.34,
441.693,70.12,61.94,62.0,62.0,,32.34,
441.693,70.12,61.94,62.0,62.0,,32.34,
441.693,70.12,61.94,62.0,62.0,,32.34,
441.693,70.12,61.94,62.0,62.0,,32.34,
441.848,70.11,61.94,62.0,62.0,,32.32,
441.848,70.11,61.94,62.0,62.0,,32.32,
441.848,70.11,61.94,62.0,62.0,,32.32,
441.848,70.11,61.94,62.0,62.0,,32.32,
441.848,70.11,61.94,62.0,62.0,,32.32,
441.993,70.1,61.94,62.0,62.0,56.18,32.31,42.65
441.993,70.1,61.94,62.0,62.0,56.18,32.31,42.65
441.993,70.1,61.94,62.0,62.0,56.18,32.31,42.65
441.993,70.1,61.94,62.0,62.0,56.18,32.31,42.65
441.993,70.1,61.94,62.0,62.0,56.18,32.31,42.65
441.993,70.1,61.94,62.0,62.0,56.18,32.31,42.65
441.993,70.1,61.94,62.0,62.0,56.18,32.31,42.65
442.143,70.08,61.94,62.0,62.0,,32.29,
442.143,70.08,61.94,62.0,62.0,,32.29,
442.143,70.08,61.94,62.0,62.0,,32.29,
442.143,70.08,61.94,62.0,62.0,,32.29,
442.143,70.08,61.94,62.0,62.0,,32.29,
442.298,70.07,61.94,62.0,62.0,,32.28,
442.298,70.07,61.94,62.0,62.0,,32.28,
442.298,70.07,61.94,62.0,62.0,,32.28,
442.298,70.07,61.94,62.0,62.0,,32.28,
442.298,70.07,61.94,62.0,62.0,,32.28,
442.443,70.06,61.94,62.0,62.0,,32.26,
442.443,70.06,61.94,62.0,62.0,,32.26,
442.443,70.06,61.94,62.0,62.0,,32.26,
442.443,70.06,61.94,62.0,62.0,,32.26,
442.443,70.06,61.94,62.0,62.0,,32.26,
442.594,70.06,61.94,62.0,62.0,56.19,32.25,42.92
442.594,70.06,61.94,62.0,62.0,56.19,32.25,42.92
442.594,70.06,61.94,62.0,62.0,56.19,32.25,42.92
442.594,70.06,61.94,62.0,62.0,56.19,32.25,42.92
442.594,70.06,61.94,62.0,62.0,56.19,32.25,42.92
442.594,70.06,61.94,62.0,62.0,56.19,32.25,42.92
442.594,70.06,61.94,62.0,62.0,56.19,32.25,42.92
442.748,70.05,61.94,62.0,62.0,,32.24,
442.748,70.05,61.94,62.0,62.0,,32.24,
442.748,70.05,61.94,62.0,62.0,,32.24,
442.748,70.05,61.94,62.0,62.0,,32.24,
442.748,70.05,61.94,62.0,62.0,,32.24,
442.893,70.03,61.94,62.0,62.0,,32.22,
442.893,70.03,61.94,62.0,62.0,,32.22,
442.893,70.03,61.94,62.0,62.0,,32.22,
442.893,70.03,61.94,62.0,62.0,,32.22,
442.893,70.03,61.94,62.0,62.0,,32.22,
443.044,70.04,61.94,62.0,62.0,,32.21,
443.044,70.04,61.94,62.0,62.0,,32.21,
443.044,70.04,61.94,62.0,62.0,,32.21,
443.044,70.04,61.94,62.0,62.0,,32.21,
443.044,70.04,61.94,62.0,62.0,,32.21,
443.198,70.02,61.94,62.0,62.0,56.32,32.2,43.07
443.198,70.02,61.94,62.0,62.0,56.32,32.2,43.07
443.198,70.02,61.94,62.0,62.0,56.32,32.2,43.07
443.198,70.02,61.94,62.0,62.0,56.32,32.2,43.07
443.198,70.02,61.94,62.0,62.0,56.32,32.2,43.07
443.198,70.02,61.94,62.0,62.0,56.32,32.2,43.07
443.198,70.02,61.94,62.0,62.0,56.32,32.2,43.07
443.343,70.01,61.94,62.0,62.0,,32.18,
443.343,70.01,61.94,62.0,62.0,,32.18,
443.343,70.01,61.94,62.0,62.0,,32.18,
443.343,70.01,61.94,62.0,62.0,,32.18,
443.343,70.01,61.94,62.0,62.0,,32.18,
443.493,70.0,61.94,62.0,62.0,,32.17,
443.493,70.0,61.94,62.0,62.0,,32.17,
443.493,70.0,61.94,62.0,62.0,,32.17,
443.493,70.0,61.94,62.0,62.0,,32.17,
443.493,70.0,61.94,62.0,62.0,,32.17,
443.648,70.01,61.94,62.0,62.0,,32.16,
443.648,70.01,61.94,62.0,62.0,,32.16,
443.648,70.01,61.94,62.0,62.0,,32.16,
443.648,70.01,61.94,62.0,62.0,,32.16,
443.648,70.01,61.94,62.0,62.0,,32.16,
443.793,69.98,61.94,62.0,62.0,56.38,32.13,43.35
443.793,69.98,61.94,62.0,62.0,56.38,32.13,43.35
443.793,69.98,61.94,62.0,62.0,56.38,32.13,43.35
443.793,69.98,61.94,62.0,62.0,56.38,32.13,43.35
443.793,69.98,61.94,62.0,62.0,56.38,32.13,43.35
443.793,69.98,61.94,62.0,62.0,56.38,32.13,43.35
443.793,69.98,61.94,62.0,62.0,56.38,32.13,43.35
443.943,69.98,61.94,62.0,62.0,,32.12,
443.943,69.98,61.94,62.0,62.0,,32.12,
443.943,69.98,61.94,62.0,62.0,,32.12,
443.943,69.98,61.94,62.0,62.0,,32.12,
443.943,69.98,61.94,62.0,62.0,,32.12,
444.157,69.98,61.94,62.0,62.0,,32.11,
444.157,69.98,61.94,62.0,62.0,,32.11,
444.157,69.98,61.94,62.0,62.0,,32.11,
444.157,69.98,61.94,62.0,62.0,,32.11,
444.157,69.98,61.94,62.0,62.0,,32.11,
444.283,69.98,61.94,62.0,62.0,,32.09,
444.283,69.98,61.94,62.0,62.0,,32.09,
444.283,69.98,61.94,62.0,62.0,,32.09,
444.283,69.98,61.94,62.0,62.0,,32.09,
444.283,69.98,61.94,62.0,62.0,,32.09,
444.437,69.97,61.94,62.0,62.0,56.53,32.08,43.48
444.437,69.97,61.94,62.0,62.0,56.53,32.08,43.48
444.437,69.97,61.94,62.0,62.0,56.53,32.08,43.48
444.437,69.97,61.94,62.0,62.0,56.53,32.08,43.48
444.437,69.97,61.94,62.0,62.0,56.53,32.08,43.48
444.437,69.97,61.94,62.0,62.0,56.53,32.08,43.48
444.437,69.97,61.94,62.0,62.0,56.53,32.08,43.48
444.582,69.97,61.94,62.0,62.0,,32.06,
444.582,69.97,61.94,62.0,62.0,,32.06,
444.582,69.97,61.94,62.0,62.0,,32.06,
444.582,69.97,61.94,62.0,62.0,,32.06,
444.582,69.97,61.94,62.0,62.0,,32.06,
444.732,69.97,61.94,62.0,62.0,,32.05,
444.732,69.97,61.94,62.0,62.0,,32.05,
444.732,69.97,61.94,62.0,62.0,,32.05,
444.732,69.97,61.94,62.0,62.0,,32.05,
444.732,69.97,61.94,62.0,62.0,,32.05,
444.887,69.97,61.94,62.0,62.0,,32.04,
444.887,69.97,61.94,62.0,62.0,,32.04,
444.887,69.97,61.94,62.0,62.0,,32.04,
444.887,69.97,61.94,62.0,62.0,,32.04,
444.887,69.97,61.94,62.0,62.0,,32.04,
445.032,69.97,61.94,62.0,62.0,56.52,32.02,43.72
445.032,69.97,61.94,62.0,62.0,56.52,32.02,43.72
445.032,69.97,61.94,62.0,62.0,56.52,32.02,43.72
445.032,69.97,61.94,62.0,62.0,56.52,32.02,43.72
445.032,69.97,61.94,62.0,62.0,56.52,32.02,43.72
445.032,69.97,61.94,62.0,62.0,56.52,32.02,43.72
445.032,69.97,61.94,62.0,62.0,56.52,32.02,43.72
445.182,69.97,61.94,62.0,62.0,,32.01,
445.182,69.97,61.94,62.0,62.0,,32.01,
445.182,69.97,61.94,62.0,62.0,,32.01,
445.182,69.97,61.94,62.0,62.0,,32.01,
445.182,69.97,61.94,62.0,62.0,,32.01,
445.337,69.97,61.94,62.0,62.0,,32.0,
445.337,69.97,61.94,62.0,62.0,,32.0,
445.337,69.97,61.94,62.0,62.0,,32.0,
445.337,69.97,61.94,62.0,62.0,,32.0,
445.337,69.97,61.94,62.0,62.0,,32.0,
445.482,69.97,61.94,62.0,62.0,,31.98,
445.482,69.97,61.94,62.0,62.0,,31.98,
445.482,69.97,61.94,62.0,62.0,,31.98,
445.482,69.97,61.94,62.0,62.0,,31.98,
445.482,69.97,61.94,62.0,62.0,,31.98,
445.633,69.97,61.94,62.0,62.0,56.63,31.97,43.83
445.633,69.97,61.94,62.0,62.0,56.63,31.97,43.83
445.633,69.97,61.94,62.0,62.0,56.63,31.97,43.83
445.633,69.97,61.94,62.0,62.0,56.63,31.97,43.83
445.633,69.97,61.94,62.0,62.0,56.63,31.97,43.83
445.633,69.97,61.94,62.0,62.0,56.63,31.97,43.83
445.633,69.97,61.94,62.0,62.0,56.63,31.97,43.83
445.783,69.97,61.94,62.0,62.0,,31.96,
445.783,69.97,61.94,62.0,62.0,,31.96,
445.783,69.97,61.94,62.0,62.0,,31.96,
445.783,69.97,61.94,62.0,62.0,,31.96,
445.783,69.97,61.94,62.0,62.0,,31.96,
445.933,69.98,61.94,62.0,62.0,,31.95,
445.933,69.98,61.94,62.0,62.0,,31.95,
445.933,69.98,61.94,62.0,62.0,,31.95,
445.933,69.98,61.94,62.0,62.0,,31.95,
445.933,69.98,61.94,62.0,62.0,,31.95,
446.082,69.98,61.94,62.0,62.0,,31.93,
446.082,69.98,61.94,62.0,62.0,,31.93,
446.082,69.98,61.94,62.0,62.0,,31.93,
446.082,69.98,61.94,62.0,62.0,,31.93,
446.082,69.98,61.94,62.0,62.0,,31.93,
446.232,69.98,61.94,62.0,62.0,56.73,31.92,44.16
446.232,69.98,61.94,62.0,62.0,56.73,31.92,44.16
446.232,69.98,61.94,62.0,62.0,56.73,31.92,44.16
446.232,69.98,61.94,62.0,62.0,56.73,31.92,44.16
446.232,69.98,61.94,62.0,62.0,56.73,31.92,44.16
446.232,69.98,61.94,62.0,62.0,56.73,31.92,44.16
446.232,69.98,61.94,62.0,62.0,56.73,31.92,44.16
446.383,69.99,61.94,62.0,62.0,,31.91,
446.383,69.99,61.94,62.0,62.0,,31.91,
446.383,69.99,61.94,62.0,62.0,,31.91,
446.383,69.99,61.94,62.0,62.0,,31.91,
446.383,69.99,61.94,62.0,62.0,,31.91,
446.532,69.99,61.94,62.0,62.0,,31.9,
446.532,69.99,61.94,62.0,62.0,,31.9,
446.532,69.99,61.94,62.0,62.0,,31.9,
446.532,69.99,61.94,62.0,62.0,,31.9,
446.532,69.99,61.94,62.0,62.0,,31.9,
446.682,70.0,61.94,62.0,62.0,56.81,31.88,44.24
446.682,70.0,61.94,62.0,62.0,56.81,31.88,44.24
446.682,70.0,61.94,62.0,62.0,56.81,31.88,44.24
446.682,70.0,61.94,62.0,62.0,56.81,31.88,44.24
446.682,70.0,61.94,62.0,62.0,56.81,31.88,44.24
446.682,70.0,61.94,62.0,62.0,56.81,31.88,44.24
446.682,70.0,61.94,62.0,62.0,56.81,31.88,44.24
446.832,70.01,61.94,62.0,62.0,,31.87,
446.832,70.01,61.94,62.0,62.0,,31.87,
446.832,70.01,61.94,62.0,62.0,,31.87,
446.832,70.01,61.94,62.0,62.0,,31.87,
446.832,70.01,61.94,62.0,62.0,,31.87,
446.983,70.0,61.94,62.0,62.0,,31.86,
446.983,70.0,61.94,62.0,62.0,,31.86,
446.983,70.0,61.94,62.0,62.0,,31.86,
446.983,70.0,61.94,62.0,62.0,,31.86,
446.983,70.0,61.94,62.0,62.0,,31.86,
447.132,70.01,61.94,62.0,62.0,,31.84,
447.132,70.01,61.94,62.0,62.0,,31.84,
447.132,70.01,61.94,62.0,62.0,,31.84,
447.132,70.01,61.94,62.0,62.0,,31.84,
447.132,70.01,61.94,62.0,62.0,,31.84,
447.282,70.01,61.94,62.0,62.0,56.78,31.83,44.28
447.282,70.01,61.94,62.0,62.0,56.78,31.83,44.28
447.282,70.01,61.94,62.0,62.0,56.78,31.83,44.28
447.282,70.01,61.94,62.0,62.0,56.78,31.83,44.28
447.282,70.01,61.94,62.0,62.0,56.78,31.83,44.28
447.282,70.01,61.94,62.0,62.0,56.78,31.83,44.28
447.282,70.01,61.94,62.0,62.0,56.78,31.83,44.28
447.434,70.01,61.94,62.0,62.0,,31.81,
447.434,70.01,61.94,62.0,62.0,,31.81,
447.434,70.01,61.94,62.0,62.0,,31.81,
447.434,70.01,61.94,62.0,62.0,,31.81,
447.434,70.01,61.94,62.0,62.0,,31.81,
447.582,70.01,61.94,62.0,62.0,,31.8,
447.582,70.01,61.94,62.0,62.0,,31.8,
447.582,70.01,61.94,62.0,62.0,,31.8,
447.582,70.01,61.94,62.0,62.0,,31.8,
447.582,70.01,61.94,62.0,62.0,,31.8,
447.732,70.01,61.94,62.0,62.0,,31.78,
447.732,70.01,61.94,62.0,62.0,,31.78,
447.732,70.01,61.94,62.0,62.0,,31.78,
447.732,70.01,61.94,62.0,62.0,,31.78,
447.732,70.01,61.94,62.0,62.0,,31.78,
447.884,70.02,61.94,62.0,62.0,56.98,31.76,44.54
447.884,70.02,61.94,62.0,62.0,56.98,31.76,44.54
447.884,70.02,61.94,62.0,62.0,56.98,31.76,44.54
447.884,70.02,61.94,62.0,62.0,56.98,31.76,44.54
447.884,70.02,61.94,62.0,62.0,56.98,31.76,44.54
447.884,70.02,61.94,62.0,62.0,56.98,31.76,44.54
447.884,70.02,61.94,62.0,62.0,56.98,31.76,44.54
448.033,70.03,61.94,62.0,62.0,,31.74,
448.033,70.03,61.94,62.0,62.0,,31.74,
448.033,70.03,61.94,62.0,62.0,,31.74,
448.033,70.03,61.94,62.0,62.0,,31.74,
448.033,70.03,61.94,62.0,62.0,,31.74,
448.182,70.03,61.94,62.0,62.0,,31.73,
448.182,70.03,61.94,62.0,62.0,,31.73,
448.182,70.03,61.94,62.0,62.0,,31.73,
448.182,70.03,61.94,62.0,62.0,,31.73,
448.182,70.03,61.94,62.0,62.0,,31.73,
448.334,70.02,61.94,62.0,62.0,,31.72,
448.334,70.02,61.94,62.0,62.0,,31.72,
448.334,70.02,61.94,62.0,62.0,,31.72,
448.334,70.02,61.94,62.0,62.0,,31.72,
448.334,70.02,61.94,62.0,62.0,,31.72,
448.482,70.03,61.94,62.0,62.0,,31.71,
448.482,70.03,61.94,62.0,62.0,,31.71,
448.482,70.03,61.94,62.0,62.0,,31.71,
448.482,70.03,61.94,62.0,62.0,,31.71,
448.482,70.03,61.94,62.0,62.0,,31.71,
448.606,,,,,56.9,,44.6
448.606,,,,,56.9,,44.6
448.633,70.04,61.94,62.0,62.0,,31.7,
448.633,70.04,61.94,62.0,62.0,,31.7,
448.633,70.04,61.94,62.0,62.0,,31.7,
448.633,70.04,61.94,62.0,62.0,,31.7,
448.633,70.04,61.94,62.0,62.0,,31.7,
448.783,70.04,61.94,62.0,62.0,,31.68,
448.783,70.04,61.94,62.0,62.0,,31.68,
448.783,70.04,61.94,62.0,62.0,,31.68,
448.783,70.04,61.94,62.0,62.0,,31.68,
448.783,70.04,61.94,62.0,62.0,,31.68,
448.932,70.04,61.94,62.0,62.0,,31.66,
448.932,70.04,61.94,62.0,62.0,,31.66,
448.932,70.04,61.94,62.0,62.0,,31.66,
448.932,70.04,61.94,62.0,62.0,,31.66,
448.932,70.04,61.94,62.0,62.0,,31.66,
449.082,70.03,61.94,62.0,62.0,57.12,31.65,44.91
449.082,70.03,61.94,62.0,62.0,57.12,31.65,44.91
449.082,70.03,61.94,62.0,62.0,57.12,31.65,44.91
449.082,70.03,61.94,62.0,62.0,57.12,31.65,44.91
449.082,70.03,61.94,62.0,62.0,57.12,31.65,44.91
449.082,70.03,61.94,62.0,62.0,57.12,31.65,44.91
449.082,70.03,61.94,62.0,62.0,57.12,31.65,44.91
449.234,70.03,61.94,62.0,62.0,,31.64,
449.234,70.03,61.94,62.0,62.0,,31.64,
449.234,70.03,61.94,62.0,62.0,,31.64,
449.234,70.03,61.94,62.0,62.0,,31.64,
449.234,70.03,61.94,62.0,62.0,,31.64,
449.382,70.04,61.94,62.0,62.0,,31.63,
449.382,70.04,61.94,62.0,62.0,,31.63,
449.382,70.04,61.94,62.0,62.0,,31.63,
449.382,70.04,61.94,62.0,62.0,,31.63,
449.382,70.04,61.94,62.0,62.0,,31.63,
449.532,70.04,61.94,62.0,62.0,,31.61,
449.532,70.04,61.94,62.0,62.0,,31.61,
449.532,70.04,61.94,62.0,62.0,,31.61,
449.532,70.04,61.94,62.0,62.0,,31.61,
449.532,70.04,61.94,62.0,62.0,,31.61,
449.683,70.05,61.94,62.0,62.0,,31.6,
449.683,70.05,61.94,62.0,62.0,,31.6,
449.683,70.05,61.94,62.0,62.0,,31.6,
449.683,70.05,61.94,62.0,62.0,,31.6,
449.683,70.05,61.94,62.0,62.0,,31.6,
449.736,,,,,57.09,,44.96
449.736,,,,,57.09,,44.96
449.832,70.05,61.94,62.0,62.0,,31.59,
449.832,70.05,61.94,62.0,62.0,,31.59,
449.832,70.05,61.94,62.0,62.0,,31.59,
449.832,70.05,61.94,62.0,62.0,,31.59,
449.832,70.05,61.94,62.0,62.0,,31.59,
449.982,70.06,61.94,62.0,62.0,,31.58,
449.982,70.06,61.94,62.0,62.0,,31.58,
449.982,70.06,61.94,62.0,62.0,,31.58,
449.982,70.06,61.94,62.0,62.0,,31.58,
449.982,70.06,61.94,62.0,62.0,,31.58,
450.14,70.04,61.94,62.0,62.0,,31.57,
450.14,70.04,61.94,62.0,62.0,,31.57,
450.14,70.04,61.94,62.0,62.0,,31.57,
450.14,70.04,61.94,62.0,62.0,,31.57,
450.14,70.04,61.94,62.0,62.0,,31.57,
450.282,70.04,61.94,62.0,62.0,57.22,31.55,45.23
450.282,70.04,61.94,62.0,62.0,57.22,31.55,45.23
450.282,70.04,61.94,62.0,62.0,57.22,31.55,45.23
450.282,70.04,61.94,62.0,62.0,57.22,31.55,45.23
450.282,70.04,61.94,62.0,62.0,57.22,31.55,45.23
450.282,70.04,61.94,62.0,62.0,57.22,31.55,45.23
450.282,70.04,61.94,62.0,62.0,57.22,31.55,45.23
450.432,70.05,61.95,62.0,62.0,,31.54,
450.432,70.05,61.95,62.0,62.0,,31.54,
450.432,70.05,61.95,62.0,62.0,,31.54,
450.432,70.05,61.95,62.0,62.0,,31.54,
450.432,70.05,61.95,62.0,62.0,,31.54,
450.584,70.04,61.95,62.0,62.0,,31.51,
450.584,70.04,61.95,62.0,62.0,,31.51,
450.584,70.04,61.95,62.0,62.0,,31.51,
450.584,70.04,61.95,62.0,62.0,,31.51,
450.584,70.04,61.95,62.0,62.0,,31.51,
450.734,70.04,61.95,62.0,62.0,,31.5,
450.734,70.04,61.95,62.0,62.0,,31.5,
450.734,70.04,61.95,62.0,62.0,,31.5,
450.734,70.04,61.95,62.0,62.0,,31.5,
450.734,70.04,61.95,62.0,62.0,,31.5,
450.884,70.03,61.95,62.0,62.0,57.26,31.5,45.19
450.884,70.03,61.95,62.0,62.0,57.26,31.5,45.19
450.884,70.03,61.95,62.0,62.0,57.26,31.5,45.19
450.884,70.03,61.95,62.0,62.0,57.26,31.5,45.19
450.884,70.03,61.95,62.0,62.0,57.26,31.5,45.19
450.884,70.03,61.95,62.0,62.0,57.26,31.5,45.19
450.884,70.03,61.95,62.0,62.0,57.26,31.5,45.19
451.034,70.03,61.95,62.0,62.0,,31.47,
451.034,70.03,61.95,62.0,62.0,,31.47,
451.034,70.03,61.95,62.0,62.0,,31.47,
451.034,70.03,61.95,62.0,62.0,,31.47,
451.034,70.03,61.95,62.0,62.0,,31.47,
451.183,70.02,61.95,62.0,62.0,,31.46,
451.183,70.02,61.95,62.0,62.0,,31.46,
451.183,70.02,61.95,62.0,62.0,,31.46,
451.183,70.02,61.95,62.0,62.0,,31.46,
451.183,70.02,61.95,62.0,62.0,,31.46,
451.334,70.03,61.95,62.0,62.0,,31.45,
451.334,70.03,61.95,62.0,62.0,,31.45,
451.334,70.03,61.95,62.0,62.0,,31.45,
451.334,70.03,61.95,62.0,62.0,,31.45,
451.334,70.03,61.95,62.0,62.0,,31.45,
451.485,70.03,61.95,62.0,62.0,57.41,31.43,45.49
451.485,70.03,61.95,62.0,62.0,57.41,31.43,45.49
451.485,70.03,61.95,62.0,62.0,57.41,31.43,45.49
451.485,70.03,61.95,62.0,62.0,57.41,31.43,45.49
451.485,70.03,61.95,62.0,62.0,57.41,31.43,45.49
451.485,70.03,61.95,62.0,62.0,57.41,31.43,45.49
451.485,70.03,61.95,62.0,62.0,57.41,31.43,45.49
451.634,70.03,61.95,62.0,62.0,,31.43,
451.634,70.03,61.95,62.0,62.0,,31.43,
451.634,70.03,61.95,62.0,62.0,,31.43,
451.634,70.03,61.95,62.0,62.0,,31.43,
451.634,70.03,61.95,62.0,62.0,,31.43,
451.783,70.04,61.95,62.0,62.0,,31.41,
451.783,70.04,61.95,62.0,62.0,,31.41,
451.783,70.04,61.95,62.0,62.0,,31.41,
451.783,70.04,61.95,62.0,62.0,,31.41,
451.783,70.04,61.95,62.0,62.0,,31.41,
451.938,70.04,61.95,62.0,62.0,,31.41,
451.938,70.04,61.95,62.0,62.0,,31.41,
451.938,70.04,61.95,62.0,62.0,,31.41,
451.938,70.04,61.95,62.0,62.0,,31.41,
451.938,70.04,61.95,62.0,62.0,,31.41,
452.083,70.04,61.95,62.0,62.0,57.43,31.39,45.62
452.083,70.04,61.95,62.0,62.0,57.43,31.39,45.62
452.083,70.04,61.95,62.0,62.0,57.43,31.39,45.62
452.083,70.04,61.95,62.0,62.0,57.43,31.39,45.62
452.083,70.04,61.95,62.0,62.0,57.43,31.39,45.62
452.083,70.04,61.95,62.0,62.0,57.43,31.39,45.62
452.083,70.04,61.95,62.0,62.0,57.43,31.39,45.62
452.233,70.04,61.95,62.0,62.0,,31.38,
452.233,70.04,61.95,62.0,62.0,,31.38,
452.233,70.04,61.95,62.0,62.0,,31.38,
452.233,70.04,61.95,62.0,62.0,,31.38,
452.233,70.04,61.95,62.0,62.0,,31.38,
452.387,70.03,61.95,62.0,62.0,,31.37,
452.387,70.03,61.95,62.0,62.0,,31.37,
452.387,70.03,61.95,62.0,62.0,,31.37,
452.387,70.03,61.95,62.0,62.0,,31.37,
452.387,70.03,61.95,62.0,62.0,,31.37,
452.534,70.03,61.95,62.0,62.0,,31.36,
452.534,70.03,61.95,62.0,62.0,,31.36,
452.534,70.03,61.95,62.0,62.0,,31.36,
452.534,70.03,61.95,62.0,62.0,,31.36,
452.534,70.03,61.95,62.0,62.0,,31.36,
452.683,70.04,61.95,62.0,62.0,57.58,31.35,45.77
452.683,70.04,61.95,62.0,62.0,57.58,31.35,45.77
452.683,70.04,61.95,62.0,62.0,57.58,31.35,45.77
452.683,70.04,61.95,62.0,62.0,57.58,31.35,45.77
452.683,70.04,61.95,62.0,62.0,57.58,31.35,45.77
452.683,70.04,61.95,62.0,62.0,57.58,31.35,45.77
452.683,70.04,61.95,62.0,62.0,57.58,31.35,45.77
452.837,70.05,61.95,62.0,62.0,,31.35,
452.837,70.05,61.95,62.0,62.0,,31.35,
452.837,70.05,61.95,62.0,62.0,,31.35,
452.837,70.05,61.95,62.0,62.0,,31.35,
452.837,70.05,61.95,62.0,62.0,,31.35,
452.984,70.04,61.95,62.0,62.0,,31.33,
452.984,70.04,61.95,62.0,62.0,,31.33,
452.984,70.04,61.95,62.0,62.0,,31.33,
452.984,70.04,61.95,62.0,62.0,,31.33,
452.984,70.04,61.95,62.0,62.0,,31.33,
453.134,70.04,61.95,62.0,62.0,,31.32,
453.134,70.04,61.95,62.0,62.0,,31.32,
453.134,70.04,61.95,62.0,62.0,,31.32,
453.134,70.04,61.95,62.0,62.0,,31.32,
453.134,70.04,61.95,62.0,62.0,,31.32,
453.316,70.04,61.95,62.0,62.0,57.53,31.3,45.82
453.316,70.04,61.95,62.0,62.0,57.53,31.3,45.82
453.316,70.04,61.95,62.0,62.0,57.53,31.3,45.82
453.316,70.04,61.95,62.0,62.0,57.53,31.3,45.82
453.316,70.04,61.95,62.0,62.0,57.53,31.3,45.82
453.316,70.04,61.95,62.0,62.0,57.53,31.3,45.82
453.316,70.04,61.95,62.0,62.0,57.53,31.3,45.82
453.469,70.03,61.95,62.0,62.0,,31.3,
453.469,70.03,61.95,62.0,62.0,,31.3,
453.469,70.03,61.95,62.0,62.0,,31.3,
453.469,70.03,61.95,62.0,62.0,,31.3,
453.469,70.03,61.95,62.0,62.0,,31.3,
453.618,70.02,61.95,62.0,62.0,,31.28,
453.618,70.02,61.95,62.0,62.0,,31.28,
453.618,70.02,61.95,62.0,62.0,,31.28,
453.618,70.02,61.95,62.0,62.0,,31.28,
453.618,70.02,61.95,62.0,62.0,,31.28,
453.768,70.03,61.95,62.0,62.0,,31.27,
453.768,70.03,61.95,62.0,62.0,,31.27,
453.768,70.03,61.95,62.0,62.0,,31.27,
453.768,70.03,61.95,62.0,62.0,,31.27,
453.768,70.03,61.95,62.0,62.0,,31.27,
453.919,70.02,61.95,62.0,62.0,57.65,31.26,46.04
453.919,70.02,61.95,62.0,62.0,57.65,31.26,46.04
453.919,70.02,61.95,62.0,62.0,57.65,31.26,46.04
453.919,70.02,61.95,62.0,62.0,57.65,31.26,46.04
453.919,70.02,61.95,62.0,62.0,57.65,31.26,46.04
453.919,70.02,61.95,62.0,62.0,57.65,31.26,46.04
453.919,70.02,61.95,62.0,62.0,57.65,31.26,46.04
454.068,70.02,61.95,62.0,62.0,,31.25,
454.068,70.02,61.95,62.0,62.0,,31.25,
454.068,70.02,61.95,62.0,62.0,,31.25,
454.068,70.02,61.95,62.0,62.0,,31.25,
454.068,70.02,61.95,62.0,62.0,,31.25,
454.219,70.03,61.95,62.0,62.0,,31.24,
454.219,70.03,61.95,62.0,62.0,,31.24,
454.219,70.03,61.95,62.0,62.0,,31.24,
454.219,70.03,61.95,62.0,62.0,,31.24,
454.219,70.03,61.95,62.0,62.0,,31.24,
454.373,70.02,61.95,62.0,62.0,,31.22,
454.373,70.02,61.95,62.0,62.0,,31.22,
454.373,70.02,61.95,62.0,62.0,,31.22,
454.373,70.02,61.95,62.0,62.0,,31.22,
454.373,70.02,61.95,62.0,62.0,,31.22,
454.518,70.03,61.95,62.0,62.0,57.7,31.21,46.16
454.518,70.03,61.95,62.0,62.0,57.7,31.21,46.16
454.518,70.03,61.95,62.0,62.0,57.7,31.21,46.16
454.518,70.03,61.95,62.0,62.0,57.7,31.21,46.16
454.518,70.03,61.95,62.0,62.0,57.7,31.21,46.16
454.518,70.03,61.95,62.0,62.0,57.7,31.21,46.16
454.518,70.03,61.95,62.0,62.0,57.7,31.21,46.16
454.669,70.03,61.95,62.0,62.0,,31.2,
454.669,70.03,61.95,62.0,62.0,,31.2,
454.669,70.03,61.95,62.0,62.0,,31.2,
454.669,70.03,61.95,62.0,62.0,,31.2,
454.669,70.03,61.95,62.0,62.0,,31.2,
454.823,70.03,61.95,62.0,62.0,,31.19,
454.823,70.03,61.95,62.0,62.0,,31.19,
454.823,70.03,61.95,62.0,62.0,,31.19,
454.823,70.03,61.95,62.0,62.0,,31.19,
454.823,70.03,61.95,62.0,62.0,,31.19,
454.969,70.02,61.95,62.0,62.0,,31.18,
454.969,70.02,61.95,62.0,62.0,,31.18,
454.969,70.02,61.95,62.0,62.0,,31.18,
454.969,70.02,61.95,62.0,62.0,,31.18,
454.969,70.02,61.95,62.0,62.0,,31.18,
455.118,70.03,61.95,62.0,62.0,57.73,31.17,46.27
455.118,70.03,61.95,62.0,62.0,57.73,31.17,46.27
455.118,70.03,61.95,62.0,62.0,57.73,31.17,46.27
455.118,70.03,61.95,62.0,62.0,57.73,31.17,46.27
455.118,70.03,61.95,62.0,62.0,57.73,31.17,46.27
455.118,70.03,61.95,62.0,62.0,57.73,31.17,46.27
455.118,70.03,61.95,62.0,62.0,57.73,31.17,46.27
455.273,70.02,61.95,62.0,62.0,,31.16,
455.273,70.02,61.95,62.0,62.0,,31.16,
455.273,70.02,61.95,62.0,62.0,,31.16,
455.273,70.02,61.95,62.0,62.0,,31.16,
455.273,70.02,61.95,62.0,62.0,,31.16,
455.42,70.03,61.95,62.0,62.0,,31.15,
455.42,70.03,61.95,62.0,62.0,,31.15,
455.42,70.03,61.95,62.0,62.0,,31.15,
455.42,70.03,61.95,62.0,62.0,,31.15,
455.42,70.03,61.95,62.0,62.0,,31.15,
455.569,70.02,61.95,62.0,62.0,,31.14,
455.569,70.02,61.95,62.0,62.0,,31.14,
455.569,70.02,61.95,62.0,62.0,,31.14,
455.569,70.02,61.95,62.0,62.0,,31.14,
455.569,70.02,61.95,62.0,62.0,,31.14,
455.724,70.03,61.95,62.0,62.0,57.77,31.13,46.37
455.724,70.03,61.95,62.0,62.0,57.77,31.13,46.37
455.724,70.03,61.95,62.0,62.0,57.77,31.13,46.37
455.724,70.03,61.95,62.0,62.0,57.77,31.13,46.37
455.724,70.03,61.95,62.0,62.0,57.77,31.13,46.37
455.724,70.03,61.95,62.0,62.0,57.77,31.13,46.37
455.724,70.03,61.95,62.0,62.0,57.77,31.13,46.37
455.869,70.03,61.95,62.0,62.0,,31.11,
455.869,70.03,61.95,62.0,62.0,,31.11,
455.869,70.03,61.95,62.0,62.0,,31.11,
455.869,70.03,61.95,62.0,62.0,,31.11,
455.869,70.03,61.95,62.0,62.0,,31.11,
456.019,70.02,61.95,62.0,62.0,,31.1,
456.019,70.02,61.95,62.0,62.0,,31.1,
456.019,70.02,61.95,62.0,62.0,,31.1,
456.019,70.02,61.95,62.0,62.0,,31.1,
456.019,70.02,61.95,62.0,62.0,,31.1,
456.174,70.02,61.95,62.0,62.0,,31.09,
456.174,70.02,61.95,62.0,62.0,,31.09,
456.174,70.02,61.95,62.0,62.0,,31.09,
456.174,70.02,61.95,62.0,62.0,,31.09,
456.174,70.02,61.95,62.0,62.0,,31.09,
456.319,70.03,61.95,62.0,62.0,57.81,31.09,46.56
456.319,70.03,61.95,62.0,62.0,57.81,31.09,46.56
456.319,70.03,61.95,62.0,62.0,57.81,31.09,46.56
456.319,70.03,61.95,62.0,62.0,57.81,31.09,46.56
456.319,70.03,61.95,62.0,62.0,57.81,31.09,46.56
456.319,70.03,61.95,62.0,62.0,57.81,31.09,46.56
456.319,70.03,61.95,62.0,62.0,57.81,31.09,46.56
456.47,70.03,61.95,62.0,62.0,,31.08,
456.47,70.03,61.95,62.0,62.0,,31.08,
456.47,70.03,61.95,62.0,62.0,,31.08,
456.47,70.03,61.95,62.0,62.0,,31.08,
456.47,70.03,61.95,62.0,62.0,,31.08,
456.624,70.03,61.95,62.0,62.0,,31.06,
456.624,70.03,61.95,62.0,62.0,,31.06,
456.624,70.03,61.95,62.0,62.0,,31.06,
456.624,70.03,61.95,62.0,62.0,,31.06,
456.624,70.03,61.95,62.0,62.0,,31.06,
456.77,70.04,61.95,62.0,62.0,,31.05,
456.77,70.04,61.95,62.0,62.0,,31.05,
456.77,70.04,61.95,62.0,62.0,,31.05,
456.77,70.04,61.95,62.0,62.0,,31.05,
456.77,70.04,61.95,62.0,62.0,,31.05,
456.921,70.03,61.95,62.0,62.0,58.0,31.04,46.71
456.921,70.03,61.95,62.0,62.0,58.0,31.04,46.71
456.921,70.03,61.95,62.0,62.0,58.0,31.04,46.71
456.921,70.03,61.95,62.0,62.0,58.0,31.04,46.71
456.921,70.03,61.95,62.0,62.0,58.0,31.04,46.71
456.921,70.03,61.95,62.0,62.0,58.0,31.04,46.71
456.921,70.03,61.95,62.0,62.0,58.0,31.04,46.71
457.075,70.03,61.95,62.0,62.0,,31.03,
457.075,70.03,61.95,62.0,62.0,,31.03,
457.075,70.03,61.95,62.0,62.0,,31.03,
457.075,70.03,61.95,62.0,62.0,,31.03,
457.075,70.03,61.95,62.0,62.0,,31.03,
457.22,70.02,61.95,62.0,62.0,,31.02,
457.22,70.02,61.95,62.0,62.0,,31.02,
457.22,70.02,61.95,62.0,62.0,,31.02,
457.22,70.02,61.95,62.0,62.0,,31.02,
457.22,70.02,61.95,62.0,62.0,,31.02,
457.37,70.03,61.95,62.0,62.0,,31.01,
457.37,70.03,61.95,62.0,62.0,,31.01,
457.37,70.03,61.95,62.0,62.0,,31.01,
457.37,70.03,61.95,62.0,62.0,,31.01,
457.37,70.03,61.95,62.0,62.0,,31.01,
457.525,70.03,61.95,62.0,62.0,,30.99,
457.525,70.03,61.95,62.0,62.0,,30.99,
457.525,70.03,61.95,62.0,62.0,,30.99,
457.525,70.03,61.95,62.0,62.0,,30.99,
457.525,70.03,61.95,62.0,62.0,,30.99,
457.577,,,,,58.02,,46.91
457.577,,,,,58.02,,46.91
457.672,70.03,61.95,62.0,62.0,,30.98,
457.672,70.03,61.95,62.0,62.0,,30.98,
457.672,70.03,61.95,62.0,62.0,,30.98,
457.672,70.03,61.95,62.0,62.0,,30.98,
457.672,70.03,61.95,62.0,62.0,,30.98,
457.822,70.03,61.95,62.0,62.0,,30.98,
457.822,70.03,61.95,62.0,62.0,,30.98,
457.822,70.03,61.95,62.0,62.0,,30.98,
457.822,70.03,61.95,62.0,62.0,,30.98,
457.822,70.03,61.95,62.0,62.0,,30.98,
457.977,70.02,61.95,62.0,62.0,,30.96,
457.977,70.02,61.95,62.0,62.0,,30.96,
457.977,70.02,61.95,62.0,62.0,,30.96,
457.977,70.02,61.95,62.0,62.0,,30.96,
457.977,70.02,61.95,62.0,62.0,,30.96,
458.122,70.04,61.95,62.0,62.0,58.14,30.95,46.95
458.122,70.04,61.95,62.0,62.0,58.14,30.95,46.95
458.122,70.04,61.95,62.0,62.0,58.14,30.95,46.95
458.122,70.04,61.95,62.0,62.0,58.14,30.95,46.95
458.122,70.04,61.95,62.0,62.0,58.14,30.95,46.95
458.122,70.04,61.95,62.0,62.0,58.14,30.95,46.95
458.122,70.04,61.95,62.0,62.0,58.14,30.95,46.95
458.272,70.02,61.95,62.0,62.0,,30.94,
458.272,70.02,61.95,62.0,62.0,,30.94,
458.272,70.02,61.95,62.0,62.0,,30.94,
458.272,70.02,61.95,62.0,62.0,,30.94,
458.272,70.02,61.95,62.0,62.0,,30.94,
458.427,70.03,61.96,62.0,62.0,,30.93,
458.427,70.03,61.96,62.0,62.0,,30.93,
458.427,70.03,61.96,62.0,62.0,,30.93,
458.427,70.03,61.96,62.0,62.0,,30.93,
458.427,70.03,61.96,62.0,62.0,,30.93,
458.572,70.03,61.96,62.0,62.0,,30.92,
458.572,70.03,61.96,62.0,62.0,,30.92,
458.572,70.03,61.96,62.0,62.0,,30.92,
458.572,70.03,61.96,62.0,62.0,,30.92,
458.572,70.03,61.96,62.0,62.0,,30.92,
458.723,70.03,61.96,62.0,62.0,58.13,30.91,47.07
458.723,70.03,61.96,62.0,62.0,58.13,30.91,47.07
458.723,70.03,61.96,62.0,62.0,58.13,30.91,47.07
458.723,70.03,61.96,62.0,62.0,58.13,30.91,47.07
458.723,70.03,61.96,62.0,62.0,58.13,30.91,47.07
458.723,70.03,61.96,62.0,62.0,58.13,30.91,47.07
458.723,70.03,61.96,62.0,62.0,58.13,30.91,47.07
458.877,70.03,61.96,62.0,62.0,,30.91,
458.877,70.03,61.96,62.0,62.0,,30.91,
458.877,70.03,61.96,62.0,62.0,,30.91,
458.877,70.03,61.96,62.0,62.0,,30.91,
458.877,70.03,61.96,62.0,62.0,,30.91,
459.022,70.04,61.96,62.0,62.0,,30.89,
459.022,70.04,61.96,62.0,62.0,,30.89,
459.022,70.04,61.96,62.0,62.0,,30.89,
459.022,70.04,61.96,62.0,62.0,,30.89,
459.022,70.04,61.96,62.0,62.0,,30.89,
459.172,70.05,61.96,62.0,62.0,,30.88,
459.172,70.05,61.96,62.0,62.0,,30.88,
459.172,70.05,61.96,62.0,62.0,,30.88,
459.172,70.05,61.96,62.0,62.0,,30.88,
459.172,70.05,61.96,62.0,62.0,,30.88,
459.327,70.03,61.96,62.0,62.0,58.18,30.87,47.07
459.327,70.03,61.96,62.0,62.0,58.18,30.87,47.07
459.327,70.03,61.96,62.0,62.0,58.18,30.87,47.07
459.327,70.03,61.96,62.0,62.0,58.18,30.87,47.07
459.327,70.03,61.96,62.0,62.0,58.18,30.87,47.07
459.327,70.03,61.96,62.0,62.0,58.18,30.87,47.07
459.327,70.03,61.96,62.0,62.0,58.18,30.87,47.07
459.473,70.03,61.96,62.0,62.0,,30.86,
459.473,70.03,61.96,62.0,62.0,,30.86,
459.473,70.03,61.96,62.0,62.0,,30.86,
459.473,70.03,61.96,62.0,62.0,,30.86,
459.473,70.03,61.96,62.0,62.0,,30.86,
459.624,70.03,61.96,62.0,62.0,,30.85,
459.624,70.03,61.96,62.0,62.0,,30.85,
459.624,70.03,61.96,62.0,62.0,,30.85,
459.624,70.03,61.96,62.0,62.0,,30.85,
459.624,70.03,61.96,62.0,62.0,,30.85,
459.778,70.03,61.96,62.0,62.0,,30.84,
459.778,70.03,61.96,62.0,62.0,,30.84,
459.778,70.03,61.96,62.0,62.0,,30.84,
459.778,70.03,61.96,62.0,62.0,,30.84,
459.778,70.03,61.96,62.0,62.0,,30.84,
459.924,70.02,61.96,62.0,62.0,58.18,30.83,47.26
459.924,70.02,61.96,62.0,62.0,58.18,30.83,47.26
459.924,70.02,61.96,62.0,62.0,58.18,30.83,47.26
459.924,70.02,61.96,62.0,62.0,58.18,30.83,47.26
459.924,70.02,61.96,62.0,62.0,58.18,30.83,47.26
459.924,70.02,61.96,62.0,62.0,58.18,30.83,47.26
459.924,70.02,61.96,62.0,62.0,58.18,30.83,47.26
460.073,70.02,61.96,62.0,62.0,,30.82,
460.073,70.02,61.96,62.0,62.0,,30.82,
460.073,70.02,61.96,62.0,62.0,,30.82,
460.073,70.02,61.96,62.0,62.0,,30.82,
460.073,70.02,61.96,62.0,62.0,,30.82,
460.228,70.03,61.96,62.0,62.0,,30.8,
460.228,70.03,61.96,62.0,62.0,,30.8,
460.228,70.03,61.96,62.0,62.0,,30.8,
460.228,70.03,61.96,62.0,62.0,,30.8,
460.228,70.03,61.96,62.0,62.0,,30.8,
460.374,70.03,61.96,62.0,62.0,,30.8,
460.374,70.03,61.96,62.0,62.0,,30.8,
460.374,70.03,61.96,62.0,62.0,,30.8,
460.374,70.03,61.96,62.0,62.0,,30.8,
460.374,70.03,61.96,62.0,62.0,,30.8,
460.523,70.03,61.96,62.0,62.0,58.34,30.79,47.44
460.523,70.03,61.96,62.0,62.0,58.34,30.79,47.44
460.523,70.03,61.96,62.0,62.0,58.34,30.79,47.44
460.523,70.03,61.96,62.0,62.0,58.34,30.79,47.44
460.523,70.03,61.96,62.0,62.0,58.34,30.79,47.44
460.523,70.03,61.96,62.0,62.0,58.34,30.79,47.44
460.523,70.03,61.96,62.0,62.0,58.34,30.79,47.44
460.678,70.02,61.96,62.0,62.0,,30.78,
460.678,70.02,61.96,62.0,62.0,,30.78,
460.678,70.02,61.96,62.0,62.0,,30.78,
460.678,70.02,61.96,62.0,62.0,,30.78,
460.678,70.02,61.96,62.0,62.0,,30.78,
460.823,70.03,61.96,62.0,62.0,,30.77,
460.823,70.03,61.96,62.0,62.0,,30.77,
460.823,70.03,61.96,62.0,62.0,,30.77,
460.823,70.03,61.96,62.0,62.0,,30.77,
460.823,70.03,61.96,62.0,62.0,,30.77,
460.974,70.03,61.96,62.0,62.0,,30.76,
460.974,70.03,61.96,62.0,62.0,,30.76,
460.974,70.03,61.96,62.0,62.0,,30.76,
460.974,70.03,61.96,62.0,62.0,,30.76,
460.974,70.03,61.96,62.0,62.0,,30.76,
461.128,70.03,61.96,62.0,62.0,58.37,30.75,47.59
461.128,70.03,61.96,62.0,62.0,58.37,30.75,47.59
461.128,70.03,61.96,62.0,62.0,58.37,30.75,47.59
461.128,70.03,61.96,62.0,62.0,58.37,30.75,47.59
461.128,70.03,61.96,62.0,62.0,58.37,30.75,47.59
461.128,70.03,61.96,62.0,62.0,58.37,30.75,47.59
461.128,70.03,61.96,62.0,62.0,58.37,30.75,47.59
461.273,70.03,61.96,62.0,62.0,,30.74,
461.273,70.03,61.96,62.0,62.0,,30.74,
461.273,70.03,61.96,62.0,62.0,,30.74,
461.273,70.03,61.96,62.0,62.0,,30.74,
461.273,70.03,61.96,62.0,62.0,,30.74,
461.423,70.03,61.96,62.0,62.0,,30.73,
461.423,70.03,61.96,62.0,62.0,,30.73,
461.423,70.03,61.96,62.0,62.0,,30.73,
461.423,70.03,61.96,62.0,62.0,,30.73,
461.423,70.03,61.96,62.0,62.0,,30.73,
461.578,70.02,61.96,62.0,62.0,,30.72,
461.578,70.02,61.96,62.0,62.0,,30.72,
461.578,70.02,61.96,62.0,62.0,,30.72,
461.578,70.02,61.96,62.0,62.0,,30.72,
461.578,70.02,61.96,62.0,62.0,,30.72,
461.723,70.03,61.96,62.0,62.0,58.42,30.72,47.64
461.723,70.03,61.96,62.0,62.0,58.42,30.72,47.64
461.723,70.03,61.96,62.0,62.0,58.42,30.72,47.64
461.723,70.03,61.96,62.0,62.0,58.42,30.72,47.64
461.723,70.03,61.96,62.0,62.0,58.42,30.72,47.64
461.723,70.03,61.96,62.0,62.0,58.42,30.72,47.64
461.723,70.03,61.96,62.0,62.0,58.42,30.72,47.64
461.873,70.02,61.96,62.0,62.0,,30.71,
461.873,70.02,61.96,62.0,62.0,,30.71,
461.873,70.02,61.96,62.0,62.0,,30.71,
461.873,70.02,61.96,62.0,62.0,,30.71,
461.873,70.02,61.96,62.0,62.0,,30.71,
462.028,70.02,61.96,62.0,62.0,,30.7,
462.028,70.02,61.96,62.0,62.0,,30.7,
462.028,70.02,61.96,62.0,62.0,,30.7,
462.028,70.02,61.96,62.0,62.0,,30.7,
462.028,70.02,61.96,62.0,62.0,,30.7,
462.173,70.02,61.96,62.0,62.0,,30.69,
462.173,70.02,61.96,62.0,62.0,,30.69,
462.173,70.02,61.96,62.0,62.0,,30.69,
462.173,70.02,61.96,62.0,62.0,,30.69,
462.173,70.02,61.96,62.0,62.0,,30.69,
462.323,70.03,61.96,62.0,62.0,58.56,30.68,47.75
462.323,70.03,61.96,62.0,62.0,58.56,30.68,47.75
462.323,70.03,61.96,62.0,62.0,58.56,30.68,47.75
462.323,70.03,61.96,62.0,62.0,58.56,30.68,47.75
462.323,70.03,61.96,62.0,62.0,58.56,30.68,47.75
462.323,70.03,61.96,62.0,62.0,58.56,30.68,47.75
462.323,70.03,61.96,62.0,62.0,58.56,30.68,47.75
462.478,70.04,61.96,62.0,62.0,,30.67,
462.478,70.04,61.96,62.0,62.0,,30.67,
462.478,70.04,61.96,62.0,62.0,,30.67,
462.478,70.04,61.96,62.0,62.0,,30.67,
462.478,70.04,61.96,62.0,62.0,,30.67,
462.623,70.03,61.96,62.0,62.0,,30.66,
462.623,70.03,61.96,62.0,62.0,,30.66,
462.623,70.03,61.96,62.0,62.0,,30.66,
462.623,70.03,61.96,62.0,62.0,,30.66,
462.623,70.03,61.96,62.0,62.0,,30.66,
462.774,70.03,61.96,62.0,62.0,,30.65,
462.774,70.03,61.96,62.0,62.0,,30.65,
462.774,70.03,61.96,62.0,62.0,,30.65,
462.774,70.03,61.96,62.0,62.0,,30.65,
462.774,70.03,61.96,62.0,62.0,,30.65,
462.928,70.03,61.96,62.0,62.0,58.57,30.63,47.85
462.928,70.03,61.96,62.0,62.0,58.57,30.63,47.85
462.928,70.03,61.96,62.0,62.0,58.57,30.63,47.85
462.928,70.03,61.96,62.0,62.0,58.57,30.63,47.85
462.928,70.03,61.96,62.0,62.0,58.57,30.63,47.85
462.928,70.03,61.96,62.0,62.0,58.57,30.63,47.85
462.928,70.03,61.96,62.0,62.0,58.57,30.63,47.85
463.073,70.03,61.96,62.0,62.0,,30.62,
463.073,70.03,61.96,62.0,62.0,,30.62,
463.073,70.03,61.96,62.0,62.0,,30.62,
463.073,70.03,61.96,62.0,62.0,,30.62,
463.073,70.03,61.96,62.0,62.0,,30.62,
463.223,70.03,61.96,62.0,62.0,,30.61,
463.223,70.03,61.96,62.0,62.0,,30.61,
463.223,70.03,61.96,62.0,62.0,,30.61,
463.223,70.03,61.96,62.0,62.0,,30.61,
463.223,70.03,61.96,62.0,62.0,,30.61,
463.378,70.04,61.96,62.0,62.0,,30.6,
463.378,70.04,61.96,62.0,62.0,,30.6,
463.378,70.04,61.96,62.0,62.0,,30.6,
463.378,70.04,61.96,62.0,62.0,,30.6,
463.378,70.04,61.96,62.0,62.0,,30.6,
463.523,70.03,61.96,62.0,62.0,58.61,30.59,48.04
463.523,70.03,61.96,62.0,62.0,58.61,30.59,48.04
463.523,70.03,61.96,62.0,62.0,58.61,30.59,48.04
463.523,70.03,61.96,62.0,62.0,58.61,30.59,48.04
463.523,70.03,61.96,62.0,62.0,58.61,30.59,48.04
463.523,70.03,61.96,62.0,62.0,58.61,30.59,48.04
463.523,70.03,61.96,62.0,62.0,58.61,30.59,48.04
463.673,70.03,61.96,62.0,62.0,,30.59,
463.673,70.03,61.96,62.0,62.0,,30.59,
463.673,70.03,61.96,62.0,62.0,,30.59,
463.673,70.03,61.96,62.0,62.0,,30.59,
463.673,70.03,61.96,62.0,62.0,,30.59,
463.828,70.04,61.96,62.0,62.0,,30.58,
463.828,70.04,61.96,62.0,62.0,,30.58,
463.828,70.04,61.96,62.0,62.0,,30.58,
463.828,70.04,61.96,62.0,62.0,,30.58,
463.828,70.04,61.96,62.0,62.0,,30.58,
463.973,70.03,61.96,62.0,62.0,,30.57,
463.973,70.03,61.96,62.0,62.0,,30.57,
463.973,70.03,61.96,62.0,62.0,,30.57,
463.973,70.03,61.96,62.0,62.0,,30.57,
463.973,70.03,61.96,62.0,62.0,,30.57,
464.123,70.03,61.96,62.0,62.0,58.65,30.56,48.08
464.123,70.03,61.96,62.0,62.0,58.65,30.56,48.08
464.123,70.03,61.96,62.0,62.0,58.65,30.56,48.08
464.123,70.03,61.96,62.0,62.0,58.65,30.56,48.08
464.123,70.03,61.96,62.0,62.0,58.65,30.56,48.08
464.123,70.03,61.96,62.0,62.0,58.65,30.56,48.08
464.123,70.03,61.96,62.0,62.0,58.65,30.56,48.08
464.279,70.02,61.96,62.0,62.0,,30.55,
464.279,70.02,61.96,62.0,62.0,,30.55,
464.279,70.02,61.96,62.0,62.0,,30.55,
464.279,70.02,61.96,62.0,62.0,,30.55,
464.279,70.02,61.96,62.0,62.0,,30.55,
464.423,70.03,61.96,62.0,62.0,,30.54,
464.423,70.03,61.96,62.0,62.0,,30.54,
464.423,70.03,61.96,62.0,62.0,,30.54,
464.423,70.03,61.96,62.0,62.0,,30.54,
464.423,70.03,61.96,62.0,62.0,,30.54,
464.574,70.03,61.96,62.0,62.0,,30.53,
464.574,70.03,61.96,62.0,62.0,,30.53,
464.574,70.03,61.96,62.0,62.0,,30.53,
464.574,70.03,61.96,62.0,62.0,,30.53,
464.574,70.03,61.96,62.0,62.0,,30.53,
464.728,70.03,61.96,62.0,62.0,58.79,30.52,48.16
464.728,70.03,61.96,62.0,62.0,58.79,30.52,48.16
464.728,70.03,61.96,62.0,62.0,58.79,30.52,48.16
464.728,70.03,61.96,62.0,62.0,58.79,30.52,48.16
464.728,70.03,61.96,62.0,62.0,58.79,30.52,48.16
464.728,70.03,61.96,62.0,62.0,58.79,30.52,48.16
464.728,70.03,61.96,62.0,62.0,58.79,30.52,48.16
464.873,70.04,61.96,62.0,62.0,,30.52,
464.873,70.04,61.96,62.0,62.0,,30.52,
464.873,70.04,61.96,62.0,62.0,,30.52,
464.873,70.04,61.96,62.0,62.0,,30.52,
464.873,70.04,61.96,62.0,62.0,,30.52,
465.024,70.03,61.96,62.0,62.0,,30.51,
465.024,70.03,61.96,62.0,62.0,,30.51,
465.024,70.03,61.96,62.0,62.0,,30.51,
465.024,70.03,61.96,62.0,62.0,,30.51,
465.024,70.03,61.96,62.0,62.0,,30.51,
465.178,70.04,61.96,62.0,62.0,58.78,30.5,48.28
465.178,70.04,61.96,62.0,62.0,58.78,30.5,48.28
465.178,70.04,61.96,62.0,62.0,58.78,30.5,48.28
465.178,70.04,61.96,62.0,62.0,58.78,30.5,48.28
465.178,70.04,61.96,62.0,62.0,58.78,30.5,48.28
465.178,70.04,61.96,62.0,62.0,58.78,30.5,48.28
465.178,70.04,61.96,62.0,62.0,58.78,30.5,48.28
465.381,70.03,61.96,62.0,62.0,,30.49,
465.381,70.03,61.96,62.0,62.0,,30.49,
465.381,70.03,61.96,62.0,62.0,,30.49,
465.381,70.03,61.96,62.0,62.0,,30.49,
465.381,70.03,61.96,62.0,62.0,,30.49,
465.506,70.03,61.96,62.0,62.0,,30.47,
465.506,70.03,61.96,62.0,62.0,,30.47,
465.506,70.03,61.96,62.0,62.0,,30.47,
465.506,70.03,61.96,62.0,62.0,,30.47,
465.506,70.03,61.96,62.0,62.0,,30.47,
465.657,70.03,61.96,62.0,62.0,,30.47,
465.657,70.03,61.96,62.0,62.0,,30.47,
465.657,70.03,61.96,62.0,62.0,,30.47,
465.657,70.03,61.96,62.0,62.0,,30.47,
465.657,70.03,61.96,62.0,62.0,,30.47,
465.807,70.03,61.96,62.0,62.0,,30.46,
465.807,70.03,61.96,62.0,62.0,,30.46,
465.807,70.03,61.96,62.0,62.0,,30.46,
465.807,70.03,61.96,62.0,62.0,,30.46,
465.807,70.03,61.96,62.0,62.0,,30.46,
465.956,70.03,61.96,62.0,62.0,58.88,30.46,48.43
465.956,70.03,61.96,62.0,62.0,58.88,30.46,48.43
465.956,70.03,61.96,62.0,62.0,58.88,30.46,48.43
465.956,70.03,61.96,62.0,62.0,58.88,30.46,48.43
465.956,70.03,61.96,62.0,62.0,58.88,30.46,48.43
465.956,70.03,61.96,62.0,62.0,58.88,30.46,48.43
465.956,70.03,61.96,62.0,62.0,58.88,30.46,48.43
466.107,70.03,61.96,62.0,62.0,,30.45,
466.107,70.03,61.96,62.0,62.0,,30.45,
466.107,70.03,61.96,62.0,62.0,,30.45,
466.107,70.03,61.96,62.0,62.0,,30.45,
466.107,70.03,61.96,62.0,62.0,,30.45,
466.256,70.03,61.96,62.0,62.0,,30.44,
466.256,70.03,61.96,62.0,62.0,,30.44,
466.256,70.03,61.96,62.0,62.0,,30.44,
466.256,70.03,61.96,62.0,62.0,,30.44,
466.256,70.03,61.96,62.0,62.0,,30.44,
466.407,70.03,61.96,62.0,62.0,,30.43,
466.407,70.03,61.96,62.0,62.0,,30.43,
466.407,70.03,61.96,62.0,62.0,,30.43,
466.407,70.03,61.96,62.0,62.0,,30.43,
466.407,70.03,61.96,62.0,62.0,,30.43,
466.557,70.03,61.96,62.0,62.0,58.94,30.42,48.48
466.557,70.03,61.96,62.0,62.0,58.94,30.42,48.48
466.557,70.03,61.96,62.0,62.0,58.94,30.42,48.48
466.557,70.03,61.96,62.0,62.0,58.94,30.42,48.48
466.557,70.03,61.96,62.0,62.0,58.94,30.42,48.48
466.557,70.03,61.96,62.0,62.0,58.94,30.42,48.48
466.557,70.03,61.96,62.0,62.0,58.94,30.42,48.48
466.706,70.04,61.96,62.0,62.0,,30.41,
466.706,70.04,61.96,62.0,62.0,,30.41,
466.706,70.04,61.96,62.0,62.0,,30.41,
466.706,70.04,61.96,62.0,62.0,,30.41,
466.706,70.04,61.96,62.0,62.0,,30.41,
466.858,70.04,61.96,62.0,62.0,,30.41,
466.858,70.04,61.96,62.0,62.0,,30.41,
466.858,70.04,61.96,62.0,62.0,,30.41,
466.858,70.04,61.96,62.0,62.0,,30.41,
466.858,70.04,61.96,62.0,62.0,,30.41,
467.007,70.04,61.96,62.0,62.0,,30.4,
467.007,70.04,61.96,62.0,62.0,,30.4,
467.007,70.04,61.96,62.0,62.0,,30.4,
467.007,70.04,61.96,62.0,62.0,,30.4,
467.007,70.04,61.96,62.0,62.0,,30.4,
467.156,70.04,61.96,62.0,62.0,58.89,30.39,48.6
467.156,70.04,61.96,62.0,62.0,58.89,30.39,48.6
467.156,70.04,61.96,62.0,62.0,58.89,30.39,48.6
467.156,70.04,61.96,62.0,62.0,58.89,30.39,48.6
467.156,70.04,61.96,62.0,62.0,58.89,30.39,48.6
467.156,70.04,61.96,62.0,62.0,58.89,30.39,48.6
467.156,70.04,61.96,62.0,62.0,58.89,30.39,48.6
467.307,70.04,61.96,62.0,62.0,,30.38,
467.307,70.04,61.96,62.0,62.0,,30.38,
467.307,70.04,61.96,62.0,62.0,,30.38,
467.307,70.04,61.96,62.0,62.0,,30.38,
467.307,70.04,61.96,62.0,62.0,,30.38,
467.456,70.04,61.96,62.0,62.0,,30.37,
467.456,70.04,61.96,62.0,62.0,,30.37,
467.456,70.04,61.96,62.0,62.0,,30.37,
467.456,70.04,61.96,62.0,62.0,,30.37,
467.456,70.04,61.96,62.0,62.0,,30.37,
467.606,70.04,61.96,62.0,62.0,,30.36,
467.606,70.04,61.96,62.0,62.0,,30.36,
467.606,70.04,61.96,62.0,62.0,,30.36,
467.606,70.04,61.96,62.0,62.0,,30.36,
467.606,70.04,61.96,62.0,62.0,,30.36,
467.76,70.03,61.96,62.0,62.0,58.98,30.35,48.6
467.76,70.03,61.96,62.0,62.0,58.98,30.35,48.6
467.76,70.03,61.96,62.0,62.0,58.98,30.35,48.6
467.76,70.03,61.96,62.0,62.0,58.98,30.35,48.6
467.76,70.03,61.96,62.0,62.0,58.98,30.35,48.6
467.76,70.03,61.96,62.0,62.0,58.98,30.35,48.6
467.76,70.03,61.96,62.0,62.0,58.98,30.35,48.6
467.907,70.03,61.96,62.0,62.0,,30.35,
467.907,70.03,61.96,62.0,62.0,,30.35,
467.907,70.03,61.96,62.0,62.0,,30.35,
467.907,70.03,61.96,62.0,62.0,,30.35,
467.907,70.03,61.96,62.0,62.0,,30.35,
468.056,70.03,61.96,62.0,62.0,,30.34,
468.056,70.03,61.96,62.0,62.0,,30.34,
468.056,70.03,61.96,62.0,62.0,,30.34,
468.056,70.03,61.96,62.0,62.0,,30.34,
468.056,70.03,61.96,62.0,62.0,,30.34,
468.21,70.03,61.97,62.0,62.0,,30.33,
468.21,70.03,61.97,62.0,62.0,,30.33,
468.21,70.03,61.97,62.0,62.0,,30.33,
468.21,70.03,61.97,62.0,62.0,,30.33,
468.21,70.03,61.97,62.0,62.0,,30.33,
468.357,70.03,61.97,62.0,62.0,59.09,30.32,48.8
468.357,70.03,61.97,62.0,62.0,59.09,30.32,48.8
468.357,70.03,61.97,62.0,62.0,59.09,30.32,48.8
468.357,70.03,61.97,62.0,62.0,59.09,30.32,48.8
468.357,70.03,61.97,62.0,62.0,59.09,30.32,48.8
468.357,70.03,61.97,62.0,62.0,59.09,30.32,48.8
468.357,70.03,61.97,62.0,62.0,59.09,30.32,48.8
468.506,70.03,61.97,62.0,62.0,,30.32,
468.506,70.03,61.97,62.0,62.0,,30.32,
468.506,70.03,61.97,62.0,62.0,,30.32,
468.506,70.03,61.97,62.0,62.0,,30.32,
468.506,70.03,61.97,62.0,62.0,,30.32,
468.661,70.03,61.97,62.0,62.0,,30.31,
468.661,70.03,61.97,62.0,62.0,,30.31,
468.661,70.03,61.97,62.0,62.0,,30.31,
468.661,70.03,61.97,62.0,62.0,,30.31,
468.661,70.03,61.97,62.0,62.0,,30.31,
468.807,70.03,61.97,62.0,62.0,,30.3,
468.807,70.03,61.97,62.0,62.0,,30.3,
468.807,70.03,61.97,62.0,62.0,,30.3,
468.807,70.03,61.97,62.0,62.0,,30.3,
468.807,70.03,61.97,62.0,62.0,,30.3,
468.956,70.03,61.97,62.0,62.0,59.21,30.29,48.92
468.956,70.03,61.97,62.0,62.0,59.21,30.29,48.92
468.956,70.03,61.97,62.0,62.0,59.21,30.29,48.92
468.956,70.03,61.97,62.0,62.0,59.21,30.29,48.92
468.956,70.03,61.97,62.0,62.0,59.21,30.29,48.92
468.956,70.03,61.97,62.0,62.0,59.21,30.29,48.92
468.956,70.03,61.97,62.0,62.0,59.21,30.29,48.92
469.111,70.03,61.97,62.0,62.0,,30.29,
469.111,70.03,61.97,62.0,62.0,,30.29,
469.111,70.03,61.97,62.0,62.0,,30.29,
469.111,70.03,61.97,62.0,62.0,,30.29,
469.111,70.03,61.97,62.0,62.0,,30.29,
469.257,70.03,61.97,62.0,62.0,,30.28,
469.257,70.03,61.97,62.0,62.0,,30.28,
469.257,70.03,61.97,62.0,62.0,,30.28,
469.257,70.03,61.97,62.0,62.0,,30.28,
469.257,70.03,61.97,62.0,62.0,,30.28,
469.407,70.03,61.97,62.0,62.0,,30.27,
469.407,70.03,61.97,62.0,62.0,,30.27,
469.407,70.03,61.97,62.0,62.0,,30.27,
469.407,70.03,61.97,62.0,62.0,,30.27,
469.407,70.03,61.97,62.0,62.0,,30.27,
469.562,70.02,61.97,62.0,62.0,59.21,30.26,48.92
469.562,70.02,61.97,62.0,62.0,59.21,30.26,48.92
469.562,70.02,61.97,62.0,62.0,59.21,30.26,48.92
469.562,70.02,61.97,62.0,62.0,59.21,30.26,48.92
469.562,70.02,61.97,62.0,62.0,59.21,30.26,48.92
469.562,70.02,61.97,62.0,62.0,59.21,30.26,48.92
469.562,70.02,61.97,62.0,62.0,59.21,30.26,48.92
469.706,70.03,61.97,62.0,62.0,,30.26,
469.706,70.03,61.97,62.0,62.0,,30.26,
469.706,70.03,61.97,62.0,62.0,,30.26,
469.706,70.03,61.97,62.0,62.0,,30.26,
469.706,70.03,61.97,62.0,62.0,,30.26,
469.857,70.03,61.97,62.0,62.0,,30.25,
469.857,70.03,61.97,62.0,62.0,,30.25,
469.857,70.03,61.97,62.0,62.0,,30.25,
469.857,70.03,61.97,62.0,62.0,,30.25,
469.857,70.03,61.97,62.0,62.0,,30.25,
470.011,70.03,61.97,62.0,62.0,,30.24,
470.011,70.03,61.97,62.0,62.0,,30.24,
470.011,70.03,61.97,62.0,62.0,,30.24,
470.011,70.03,61.97,62.0,62.0,,30.24,
470.011,70.03,61.97,62.0,62.0,,30.24,
470.158,70.03,61.97,62.0,62.0,59.21,30.24,49.02
470.158,70.03,61.97,62.0,62.0,59.21,30.24,49.02
470.158,70.03,61.97,62.0,62.0,59.21,30.24,49.02
470.158,70.03,61.97,62.0,62.0,59.21,30.24,49.02
470.158,70.03,61.97,62.0,62.0,59.21,30.24,49.02
470.158,70.03,61.97,62.0,62.0,59.21,30.24,49.02
470.158,70.03,61.97,62.0,62.0,59.21,30.24,49.02
470.308,70.02,61.97,62.0,62.0,,30.23,
470.308,70.02,61.97,62.0,62.0,,30.23,
470.308,70.02,61.97,62.0,62.0,,30.23,
470.308,70.02,61.97,62.0,62.0,,30.23,
470.308,70.02,61.97,62.0,62.0,,30.23,
470.463,70.02,61.97,62.0,62.0,,30.22,
470.463,70.02,61.97,62.0,62.0,,30.22,
470.463,70.02,61.97,62.0,62.0,,30.22,
470.463,70.02,61.97,62.0,62.0,,30.22,
470.463,70.02,61.97,62.0,62.0,,30.22,
470.608,70.02,61.97,62.0,62.0,,30.21,
470.608,70.02,61.97,62.0,62.0,,30.21,
470.608,70.02,61.97,62.0,62.0,,30.21,
470.608,70.02,61.97,62.0,62.0,,30.21,
470.608,70.02,61.97,62.0,62.0,,30.21,
470.759,70.03,61.97,62.0,62.0,59.27,30.2,49.13
470.759,70.03,61.97,62.0,62.0,59.27,30.2,49.13
470.759,70.03,61.97,62.0,62.0,59.27,30.2,49.13
470.759,70.03,61.97,62.0,62.0,59.27,30.2,49.13
470.759,70.03,61.97,62.0,62.0,59.27,30.2,49.13
470.759,70.03,61.97,62.0,62.0,59.27,30.2,49.13
470.759,70.03,61.97,62.0,62.0,59.27,30.2,49.13
470.913,70.02,61.97,62.0,62.0,,30.19,
470.913,70.02,61.97,62.0,62.0,,30.19,
470.913,70.02,61.97,62.0,62.0,,30.19,
470.913,70.02,61.97,62.0,62.0,,30.19,
470.913,70.02,61.97,62.0,62.0,,30.19,
471.059,70.03,61.97,62.0,62.0,,30.19,
471.059,70.03,61.97,62.0,62.0,,30.19,
471.059,70.03,61.97,62.0,62.0,,30.19,
471.059,70.03,61.97,62.0,62.0,,30.19,
471.059,70.03,61.97,62.0,62.0,,30.19,
471.208,70.02,61.97,62.0,62.0,,30.18,
471.208,70.02,61.97,62.0,62.0,,30.18,
471.208,70.02,61.97,62.0,62.0,,30.18,
471.208,70.02,61.97,62.0,62.0,,30.18,
471.208,70.02,61.97,62.0,62.0,,30.18,
471.367,70.03,61.97,62.0,62.0,59.31,30.18,49.17
471.367,70.03,61.97,62.0,62.0,59.31,30.18,49.17
471.367,70.03,61.97,62.0,62.0,59.31,30.18,49.17
471.367,70.03,61.97,62.0,62.0,59.31,30.18,49.17
471.367,70.03,61.97,62.0,62.0,59.31,30.18,49.17
471.367,70.03,61.97,62.0,62.0,59.31,30.18,49.17
471.367,70.03,61.97,62.0,62.0,59.31,30.18,49.17
471.509,70.03,61.97,62.0,62.0,,30.16,
471.509,70.03,61.97,62.0,62.0,,30.16,
471.509,70.03,61.97,62.0,62.0,,30.16,
471.509,70.03,61.97,62.0,62.0,,30.16,
471.509,70.03,61.97,62.0,62.0,,30.16,
471.659,70.02,61.97,62.0,62.0,,30.15,
471.659,70.02,61.97,62.0,62.0,,30.15,
471.659,70.02,61.97,62.0,62.0,,30.15,
471.659,70.02,61.97,62.0,62.0,,30.15,
471.659,70.02,61.97,62.0,62.0,,30.15,
471.808,70.03,61.97,62.0,62.0,,30.14,
471.808,70.03,61.97,62.0,62.0,,30.14,
471.808,70.03,61.97,62.0,62.0,,30.14,
471.808,70.03,61.97,62.0,62.0,,30.14,
471.808,70.03,61.97,62.0,62.0,,30.14,
471.958,70.03,61.97,62.0,62.0,59.41,30.14,49.26
471.958,70.03,61.97,62.0,62.0,59.41,30.14,49.26
471.958,70.03,61.97,62.0,62.0,59.41,30.14,49.26
471.958,70.03,61.97,62.0,62.0,59.41,30.14,49.26
471.958,70.03,61.97,62.0,62.0,59.41,30.14,49.26
471.958,70.03,61.97,62.0,62.0,59.41,30.14,49.26
471.958,70.03,61.97,62.0,62.0,59.41,30.14,49.26
472.109,70.03,61.97,62.0,62.0,,30.12,
472.109,70.03,61.97,62.0,62.0,,30.12,
472.109,70.03,61.97,62.0,62.0,,30.12,
472.109,70.03,61.97,62.0,62.0,,30.12,
472.109,70.03,61.97,62.0,62.0,,30.12,
472.259,70.03,61.97,62.0,62.0,,30.12,
472.259,70.03,61.97,62.0,62.0,,30.12,
472.259,70.03,61.97,62.0,62.0,,30.12,
472.259,70.03,61.97,62.0,62.0,,30.12,
472.259,70.03,61.97,62.0,62.0,,30.12,
472.409,70.03,61.97,62.0,62.0,,30.11,
472.409,70.03,61.97,62.0,62.0,,30.11,
472.409,70.03,61.97,62.0,62.0,,30.11,
472.409,70.03,61.97,62.0,62.0,,30.11,
472.409,70.03,61.97,62.0,62.0,,30.11,
472.56,70.02,61.97,62.0,62.0,59.38,30.1,49.4
472.56,70.02,61.97,62.0,62.0,59.38,30.1,49.4
472.56,70.02,61.97,62.0,62.0,59.38,30.1,49.4
472.56,70.02,61.97,62.0,62.0,59.38,30.1,49.4
472.56,70.02,61.97,62.0,62.0,59.38,30.1,49.4
472.56,70.02,61.97,62.0,62.0,59.38,30.1,49.4
472.56,70.02,61.97,62.0,62.0,59.38,30.1,49.4
472.708,70.02,61.97,62.0,62.0,,30.09,
472.708,70.02,61.97,62.0,62.0,,30.09,
472.708,70.02,61.97,62.0,62.0,,30.09,
472.708,70.02,61.97,62.0,62.0,,30.09,
472.708,70.02,61.97,62.0,62.0,,30.09,
472.858,70.02,61.97,62.0,62.0,,30.09,
472.858,70.02,61.97,62.0,62.0,,30.09,
472.858,70.02,61.97,62.0,62.0,,30.09,
472.858,70.02,61.97,62.0,62.0,,30.09,
472.858,70.02,61.97,62.0,62.0,,30.09,
473.009,70.03,61.97,62.0,62.0,,30.08,
473.009,70.03,61.97,62.0,62.0,,30.08,
473.009,70.03,61.97,62.0,62.0,,30.08,
473.009,70.03,61.97,62.0,62.0,,30.08,
473.009,70.03,61.97,62.0,62.0,,30.08,
473.159,70.03,61.97,62.0,62.0,59.51,30.07,49.51
473.159,70.03,61.97,62.0,62.0,59.51,30.07,49.51
473.159,70.03,61.97,62.0,62.0,59.51,30.07,49.51
473.159,70.03,61.97,62.0,62.0,59.51,30.07,49.51
473.159,70.03,61.97,62.0,62.0,59.51,30.07,49.51
473.159,70.03,61.97,62.0,62.0,59.51,30.07,49.51
473.159,70.03,61.97,62.0,62.0,59.51,30.07,49.51
473.308,70.03,61.97,62.0,62.0,,30.06,
473.308,70.03,61.97,62.0,62.0,,30.06,
473.308,70.03,61.97,62.0,62.0,,30.06,
473.308,70.03,61.97,62.0,62.0,,30.06,
473.308,70.03,61.97,62.0,62.0,,30.06,
473.459,70.04,61.97,62.0,62.0,,30.06,
473.459,70.04,61.97,62.0,62.0,,30.06,
473.459,70.04,61.97,62.0,62.0,,30.06,
473.459,70.04,61.97,62.0,62.0,,30.06,
473.459,70.04,61.97,62.0,62.0,,30.06,
473.608,70.04,61.97,62.0,62.0,,30.05,
473.608,70.04,61.97,62.0,62.0,,30.05,
473.608,70.04,61.97,62.0,62.0,,30.05,
473.608,70.04,61.97,62.0,62.0,,30.05,
473.608,70.04,61.97,62.0,62.0,,30.05,
473.759,70.03,61.97,62.0,62.0,59.49,30.04,49.57
473.759,70.03,61.97,62.0,62.0,59.49,30.04,49.57
473.759,70.03,61.97,62.0,62.0,59.49,30.04,49.57
473.759,70.03,61.97,62.0,62.0,59.49,30.04,49.57
473.759,70.03,61.97,62.0,62.0,59.49,30.04,49.57
473.759,70.03,61.97,62.0,62.0,59.49,30.04,49.57
473.759,70.03,61.97,62.0,62.0,59.49,30.04,49.57
473.91,70.04,61.97,62.0,62.0,,30.03,
473.91,70.04,61.97,62.0,62.0,,30.03,
473.91,70.04,61.97,62.0,62.0,,30.03,
473.91,70.04,61.97,62.0,62.0,,30.03,
473.91,70.04,61.97,62.0,62.0,,30.03,
474.058,70.03,61.97,62.0,62.0,,30.02,
474.058,70.03,61.97,62.0,62.0,,30.02,
474.058,70.03,61.97,62.0,62.0,,30.02,
474.058,70.03,61.97,62.0,62.0,,30.02,
474.058,70.03,61.97,62.0,62.0,,30.02,
474.208,70.02,61.97,62.0,62.0,,30.01,
474.208,70.02,61.97,62.0,62.0,,30.01,
474.208,70.02,61.97,62.0,62.0,,30.01,
474.208,70.02,61.97,62.0,62.0,,30.01,
474.208,70.02,61.97,62.0,62.0,,30.01,
474.36,70.03,61.97,62.0,62.0,59.59,30.02,49.65
474.36,70.03,61.97,62.0,62.0,59.59,30.02,49.65
474.36,70.03,61.97,62.0,62.0,59.59,30.02,49.65
474.36,70.03,61.97,62.0,62.0,59.59,30.02,49.65
474.36,70.03,61.97,62.0,62.0,59.59,30.02,49.65
474.36,70.03,61.97,62.0,62.0,59.59,30.02,49.65
474.36,70.03,61.97,62.0,62.0,59.59,30.02,49.65
474.509,70.03,61.97,62.0,62.0,,30.0,
474.509,70.03,61.97,62.0,62.0,,30.0,
474.509,70.03,61.97,62.0,62.0,,30.0,
474.509,70.03,61.97,62.0,62.0,,30.0,
474.509,70.03,61.97,62.0,62.0,,30.0,
474.659,70.03,61.97,62.0,62.0,,30.0,
474.659,70.03,61.97,62.0,62.0,,30.0,
474.659,70.03,61.97,62.0,62.0,,30.0,
474.659,70.03,61.97,62.0,62.0,,30.0,
474.659,70.03,61.97,62.0,62.0,,30.0,
474.814,70.03,61.97,62.0,62.0,,29.99,
474.814,70.03,61.97,62.0,62.0,,29.99,
474.814,70.03,61.97,62.0,62.0,,29.99,
474.814,70.03,61.97,62.0,62.0,,29.99,
474.814,70.03,61.97,62.0,62.0,,29.99,
474.959,70.04,61.97,62.0,62.0,59.65,29.98,49.73
474.959,70.04,61.97,62.0,62.0,59.65,29.98,49.73
474.959,70.04,61.97,62.0,62.0,59.65,29.98,49.73
474.959,70.04,61.97,62.0,62.0,59.65,29.98,49.73
474.959,70.04,61.97,62.0,62.0,59.65,29.98,49.73
474.959,70.04,61.97,62.0,62.0,59.65,29.98,49.73
474.959,70.04,61.97,62.0,62.0,59.65,29.98,49.73
475.109,70.04,61.97,62.0,62.0,,29.97,
475.109,70.04,61.97,62.0,62.0,,29.97,
475.109,70.04,61.97,62.0,62.0,,29.97,
475.109,70.04,61.97,62.0,62.0,,29.97,
475.109,70.04,61.97,62.0,62.0,,29.97,
475.264,70.03,61.97,62.0,62.0,,29.96,
475.264,70.03,61.97,62.0,62.0,,29.96,
475.264,70.03,61.97,62.0,62.0,,29.96,
475.264,70.03,61.97,62.0,62.0,,29.96,
475.264,70.03,61.97,62.0,62.0,,29.96,
475.409,70.04,61.97,62.0,62.0,,29.96,
475.409,70.04,61.97,62.0,62.0,,29.96,
475.409,70.04,61.97,62.0,62.0,,29.96,
475.409,70.04,61.97,62.0,62.0,,29.96,
475.409,70.04,61.97,62.0,62.0,,29.96,
475.559,70.04,61.97,62.0,62.0,59.64,29.95,49.8
475.559,70.04,61.97,62.0,62.0,59.64,29.95,49.8
475.559,70.04,61.97,62.0,62.0,59.64,29.95,49.8
475.559,70.04,61.97,62.0,62.0,59.64,29.95,49.8
475.559,70.04,61.97,62.0,62.0,59.64,29.95,49.8
475.559,70.04,61.97,62.0,62.0,59.64,29.95,49.8
475.559,70.04,61.97,62.0,62.0,59.64,29.95,49.8
475.714,70.03,61.97,62.0,62.0,,29.94,
475.714,70.03,61.97,62.0,62.0,,29.94,
475.714,70.03,61.97,62.0,62.0,,29.94,
475.714,70.03,61.97,62.0,62.0,,29.94,
475.714,70.03,61.97,62.0,62.0,,29.94,
475.859,70.03,61.97,62.0,62.0,,29.94,
475.859,70.03,61.97,62.0,62.0,,29.94,
475.859,70.03,61.97,62.0,62.0,,29.94,
475.859,70.03,61.97,62.0,62.0,,29.94,
475.859,70.03,61.97,62.0,62.0,,29.94,
476.009,70.03,61.97,62.0,62.0,,29.93,
476.009,70.03,61.97,62.0,62.0,,29.93,
476.009,70.03,61.97,62.0,62.0,,29.93,
476.009,70.03,61.97,62.0,62.0,,29.93,
476.009,70.03,61.97,62.0,62.0,,29.93,
476.164,70.03,61.97,62.0,62.0,59.65,29.93,49.86
476.164,70.03,61.97,62.0,62.0,59.65,29.93,49.86
476.164,70.03,61.97,62.0,62.0,59.65,29.93,49.86
476.164,70.03,61.97,62.0,62.0,59.65,29.93,49.86
476.164,70.03,61.97,62.0,62.0,59.65,29.93,49.86
476.164,70.03,61.97,62.0,62.0,59.65,29.93,49.86
476.164,70.03,61.97,62.0,62.0,59.65,29.93,49.86
476.309,70.03,61.97,62.0,62.0,,29.92,
476.309,70.03,61.97,62.0,62.0,,29.92,
476.309,70.03,61.97,62.0,62.0,,29.92,
476.309,70.03,61.97,62.0,62.0,,29.92,
476.309,70.03,61.97,62.0,62.0,,29.92,
476.459,70.03,61.97,62.0,62.0,,29.91,
476.459,70.03,61.97,62.0,62.0,,29.91,
476.459,70.03,61.97,62.0,62.0,,29.91,
476.459,70.03,61.97,62.0,62.0,,29.91,
476.459,70.03,61.97,62.0,62.0,,29.91,
476.615,70.03,61.97,62.0,62.0,,29.9,
476.615,70.03,61.97,62.0,62.0,,29.9,
476.615,70.03,61.97,62.0,62.0,,29.9,
476.615,70.03,61.97,62.0,62.0,,29.9,
476.615,70.03,61.97,62.0,62.0,,29.9,
476.759,70.03,61.97,62.0,62.0,59.67,29.9,49.91
476.759,70.03,61.97,62.0,62.0,59.67,29.9,49.91
476.759,70.03,61.97,62.0,62.0,59.67,29.9,49.91
476.759,70.03,61.97,62.0,62.0,59.67,29.9,49.91
476.759,70.03,61.97,62.0,62.0,59.67,29.9,49.91
476.759,70.03,61.97,62.0,62.0,59.67,29.9,49.91
476.759,70.03,61.97,62.0,62.0,59.67,29.9,49.91
476.909,70.03,61.97,62.0,62.0,,29.89,
476.909,70.03,61.97,62.0,62.0,,29.89,
476.909,70.03,61.97,62.0,62.0,,29.89,
476.909,70.03,61.97,62.0,62.0,,29.89,
476.909,70.03,61.97,62.0,62.0,,29.89,
477.064,70.03,61.97,62.0,62.0,,29.88,
477.064,70.03,61.97,62.0,62.0,,29.88,
477.064,70.03,61.97,62.0,62.0,,29.88,
477.064,70.03,61.97,62.0,62.0,,29.88,
477.064,70.03,61.97,62.0,62.0,,29.88,
477.21,70.03,61.97,62.0,62.0,,29.88,
477.21,70.03,61.97,62.0,62.0,,29.88,
477.21,70.03,61.97,62.0,62.0,,29.88,
477.21,70.03,61.97,62.0,62.0,,29.88,
477.21,70.03,61.97,62.0,62.0,,29.88,
477.359,70.03,61.97,62.0,62.0,,29.87,
477.359,70.03,61.97,62.0,62.0,,29.87,
477.359,70.03,61.97,62.0,62.0,,29.87,
477.359,70.03,61.97,62.0,62.0,,29.87,
477.359,70.03,61.97,62.0,62.0,,29.87,
477.39,,,,,59.77,,50.0
477.39,,,,,59.77,,50.0
477.534,70.04,61.97,62.0,85.0,,29.86,
477.534,70.04,61.97,62.0,85.0,,29.86,
477.534,70.04,61.97,62.0,85.0,,29.86,
477.534,70.04,61.97,62.0,85.0,,29.86,
477.534,70.04,61.97,62.0,85.0,,29.86,
477.684,70.07,61.97,62.0,85.0,,29.87,
477.684,70.07,61.97,62.0,85.0,,29.87,
477.684,70.07,61.97,62.0,85.0,,29.87,
477.684,70.07,61.97,62.0,85.0,,29.87,
477.684,70.07,61.97,62.0,85.0,,29.87,
477.839,70.17,61.97,62.0,85.0,,29.86,
477.839,70.17,61.97,62.0,85.0,,29.86,
477.839,70.17,61.97,62.0,85.0,,29.86,
477.839,70.17,61.97,62.0,85.0,,29.86,
477.839,70.17,61.97,62.0,85.0,,29.86,
477.985,70.62,61.97,62.0,85.0,59.86,29.83,50.18
477.985,70.62,61.97,62.0,85.0,59.86,29.83,50.18
477.985,70.62,61.97,62.0,85.0,59.86,29.83,50.18
477.985,70.62,61.97,62.0,85.0,59.86,29.83,50.18
477.985,70.62,61.97,62.0,85.0,59.86,29.83,50.18
477.985,70.62,61.97,62.0,85.0,59.86,29.83,50.18
477.985,70.62,61.97,62.0,85.0,59.86,29.83,50.18
478.135,71.15,61.97,62.0,85.0,,29.81,
478.135,71.15,61.97,62.0,85.0,,29.81,
478.135,71.15,61.97,62.0,85.0,,29.81,
478.135,71.15,61.97,62.0,85.0,,29.81,
478.135,71.15,61.97,62.0,85.0,,29.81,
478.289,71.8,61.97,62.0,85.0,,29.78,
478.289,71.8,61.97,62.0,85.0,,29.78,
478.289,71.8,61.97,62.0,85.0,,29.78,
478.289,71.8,61.97,62.0,85.0,,29.78,
478.289,71.8,61.97,62.0,85.0,,29.78,
478.436,72.8,61.97,62.0,85.0,,29.73,
478.436,72.8,61.97,62.0,85.0,,29.73,
478.436,72.8,61.97,62.0,85.0,,29.73,
478.436,72.8,61.97,62.0,85.0,,29.73,
478.436,72.8,61.97,62.0,85.0,,29.73,
478.586,73.61,61.97,62.0,85.0,59.94,29.68,50.19
478.586,73.61,61.97,62.0,85.0,59.94,29.68,50.19
478.586,73.61,61.97,62.0,85.0,59.94,29.68,50.19
478.586,73.61,61.97,62.0,85.0,59.94,29.68,50.19
478.586,73.61,61.97,62.0,85.0,59.94,29.68,50.19
478.586,73.61,61.97,62.0,85.0,59.94,29.68,50.19
478.586,73.61,61.97,62.0,85.0,59.94,29.68,50.19
478.74,74.45,61.97,62.0,85.0,,29.66,
478.74,74.45,61.97,62.0,85.0,,29.66,
478.74,74.45,61.97,62.0,85.0,,29.66,
478.74,74.45,61.97,62.0,85.0,,29.66,
478.74,74.45,61.97,62.0,85.0,,29.66,
478.887,75.62,61.97,62.0,85.0,,29.59,
478.887,75.62,61.97,62.0,85.0,,29.59,
478.887,75.62,61.97,62.0,85.0,,29.59,
478.887,75.62,61.97,62.0,85.0,,29.59,
478.887,75.62,61.97,62.0,85.0,,29.59,
479.037,76.51,61.97,62.0,85.0,,29.56,
479.037,76.51,61.97,62.0,85.0,,29.56,
479.037,76.51,61.97,62.0,85.0,,29.56,
479.037,76.51,61.97,62.0,85.0,,29.56,
479.037,76.51,61.97,62.0,85.0,,29.56,
479.191,77.4,61.97,62.0,85.0,59.94,29.51,50.27
479.191,77.4,61.97,62.0,85.0,59.94,29.51,50.27
479.191,77.4,61.97,62.0,85.0,59.94,29.51,50.27
479.191,77.4,61.97,62.0,85.0,59.94,29.51,50.27
479.191,77.4,61.97,62.0,85.0,59.94,29.51,50.27
479.191,77.4,61.97,62.0,85.0,59.94,29.51,50.27
479.191,77.4,61.97,62.0,85.0,59.94,29.51,50.27
479.338,78.59,61.97,62.0,85.0,,29.46,
479.338,78.59,61.97,62.0,85.0,,29.46,
479.338,78.59,61.97,62.0,85.0,,29.46,
479.338,78.59,61.97,62.0,85.0,,29.46,
479.338,78.59,61.97,62.0,85.0,,29.46,
479.488,79.48,61.97,62.0,85.0,,29.42,
479.488,79.48,61.97,62.0,85.0,,29.42,
479.488,79.48,61.97,62.0,85.0,,29.42,
479.488,79.48,61.97,62.0,85.0,,29.42,
479.488,79.48,61.97,62.0,85.0,,29.42,
479.642,80.36,61.97,62.0,85.0,,29.38,
479.642,80.36,61.97,62.0,85.0,,29.38,
479.642,80.36,61.97,62.0,85.0,,29.38,
479.642,80.36,61.97,62.0,85.0,,29.38,
479.642,80.36,61.97,62.0,85.0,,29.38,
479.789,81.55,61.97,62.0,85.0,60.09,29.32,50.44
479.789,81.55,61.97,62.0,85.0,60.09,29.32,50.44
479.789,81.55,61.97,62.0,85.0,60.09,29.32,50.44
479.789,81.55,61.97,62.0,85.0,60.09,29.32,50.44
479.789,81.55,61.97,62.0,85.0,60.09,29.32,50.44
479.789,81.55,61.97,62.0,85.0,60.09,29.32,50.44
479.789,81.55,61.97,62.0,85.0,60.09,29.32,50.44
479.939,82.4,61.97,62.0,85.0,,29.28,
479.939,82.4,61.97,62.0,85.0,,29.28,
479.939,82.4,61.97,62.0,85.0,,29.28,
479.939,82.4,61.97,62.0,85.0,,29.28,
479.939,82.4,61.97,62.0,85.0,,29.28,
480.093,83.25,61.97,62.0,85.0,,29.24,
480.093,83.25,61.97,62.0,85.0,,29.24,
480.093,83.25,61.97,62.0,85.0,,29.24,
480.093,83.25,61.97,62.0,85.0,,29.24,
480.093,83.25,61.97,62.0,85.0,,29.24,
480.24,84.35,61.97,62.0,85.0,,29.18,
480.24,84.35,61.97,62.0,85.0,,29.18,
480.24,84.35,61.97,62.0,85.0,,29.18,
480.24,84.35,61.97,62.0,85.0,,29.18,
480.24,84.35,61.97,62.0,85.0,,29.18,
480.39,85.17,61.97,62.0,85.0,60.04,29.15,50.42
480.39,85.17,61.97,62.0,85.0,60.04,29.15,50.42
480.39,85.17,61.97,62.0,85.0,60.04,29.15,50.42
480.39,85.17,61.97,62.0,85.0,60.04,29.15,50.42
480.39,85.17,61.97,62.0,85.0,60.04,29.15,50.42
480.39,85.17,61.97,62.0,85.0,60.04,29.15,50.42
480.39,85.17,61.97,62.0,85.0,60.04,29.15,50.42
480.54,85.99,61.97,62.0,85.0,,29.11,
480.54,85.99,61.97,62.0,85.0,,29.11,
480.54,85.99,61.97,62.0,85.0,,29.11,
480.54,85.99,61.97,62.0,85.0,,29.11,
480.54,85.99,61.97,62.0,85.0,,29.11,
480.691,87.07,61.97,62.0,85.0,,29.06,
480.691,87.07,61.97,62.0,85.0,,29.06,
480.691,87.07,61.97,62.0,85.0,,29.06,
480.691,87.07,61.97,62.0,85.0,,29.06,
480.691,87.07,61.97,62.0,85.0,,29.06,
480.841,87.85,61.97,62.0,85.0,60.07,29.03,50.43
480.841,87.85,61.97,62.0,85.0,60.07,29.03,50.43
480.841,87.85,61.97,62.0,85.0,60.07,29.03,50.43
480.841,87.85,61.97,62.0,85.0,60.07,29.03,50.43
480.841,87.85,61.97,62.0,85.0,60.07,29.03,50.43
480.841,87.85,61.97,62.0,85.0,60.07,29.03,50.43
480.841,87.85,61.97,62.0,85.0,60.07,29.03,50.43
480.991,88.61,61.97,62.0,85.0,,29.0,
480.991,88.61,61.97,62.0,85.0,,29.0,
480.991,88.61,61.97,62.0,85.0,,29.0,
480.991,88.61,61.97,62.0,85.0,,29.0,
480.991,88.61,61.97,62.0,85.0,,29.0,
481.141,89.61,61.97,62.0,85.0,,28.95,
481.141,89.61,61.97,62.0,85.0,,28.95,
481.141,89.61,61.97,62.0,85.0,,28.95,
481.141,89.61,61.97,62.0,85.0,,28.95,
481.141,89.61,61.97,62.0,85.0,,28.95,
481.291,90.34,61.97,62.0,85.0,,28.92,
481.291,90.34,61.97,62.0,85.0,,28.92,
481.291,90.34,61.97,62.0,85.0,,28.92,
481.291,90.34,61.97,62.0,85.0,,28.92,
481.291,90.34,61.97,62.0,85.0,,28.92,
481.441,91.09,61.97,62.0,85.0,,28.88,
481.441,91.09,61.97,62.0,85.0,,28.88,
481.441,91.09,61.97,62.0,85.0,,28.88,
481.441,91.09,61.97,62.0,85.0,,28.88,
481.441,91.09,61.97,62.0,85.0,,28.88,
481.591,92.03,61.97,62.0,85.0,60.21,28.84,50.65
481.591,92.03,61.97,62.0,85.0,60.21,28.84,50.65
481.591,92.03,61.97,62.0,85.0,60.21,28.84,50.65
481.591,92.03,61.97,62.0,85.0,60.21,28.84,50.65
481.591,92.03,61.97,62.0,85.0,60.21,28.84,50.65
481.591,92.03,61.97,62.0,85.0,60.21,28.84,50.65
481.591,92.03,61.97,62.0,85.0,60.21,28.84,50.65
481.741,92.73,61.97,62.0,85.0,,28.81,
481.741,92.73,61.97,62.0,85.0,,28.81,
481.741,92.73,61.97,62.0,85.0,,28.81,
481.741,92.73,61.97,62.0,85.0,,28.81,
481.741,92.73,61.97,62.0,85.0,,28.81,
481.891,93.42,61.97,62.0,85.0,,28.79,
481.891,93.42,61.97,62.0,85.0,,28.79,
481.891,93.42,61.97,62.0,85.0,,28.79,
481.891,93.42,61.97,62.0,85.0,,28.79,
481.891,93.42,61.97,62.0,85.0,,28.79,
482.041,94.31,61.97,62.0,85.0,60.32,28.75,50.73
482.041,94.31,61.97,62.0,85.0,60.32,28.75,50.73
482.041,94.31,61.97,62.0,85.0,60.32,28.75,50.73
482.041,94.31,61.97,62.0,85.0,60.32,28.75,50.73
482.041,94.31,61.97,62.0,85.0,60.32,28.75,50.73
482.041,94.31,61.97,62.0,85.0,60.32,28.75,50.73
482.041,94.31,61.97,62.0,85.0,60.32,28.75,50.73
482.191,94.99,61.97,62.0,85.0,,28.73,
482.191,94.99,61.97,62.0,85.0,,28.73,
482.191,94.99,61.97,62.0,85.0,,28.73,
482.191,94.99,61.97,62.0,85.0,,28.73,
482.191,94.99,61.97,62.0,85.0,,28.73,
482.341,95.64,61.97,62.0,85.0,,28.71,
482.341,95.64,61.97,62.0,85.0,,28.71,
482.341,95.64,61.97,62.0,85.0,,28.71,
482.341,95.64,61.97,62.0,85.0,,28.71,
482.341,95.64,61.97,62.0,85.0,,28.71,
482.491,96.47,62.02,62.0,85.0,,28.68,
482.491,96.47,62.02,62.0,85.0,,28.68,
482.491,96.47,62.02,62.0,85.0,,28.68,
482.491,96.47,62.02,62.0,85.0,,28.68,
482.491,96.47,62.02,62.0,85.0,,28.68,
482.641,97.1,62.13,62.0,85.0,,28.66,
482.641,97.1,62.13,62.0,85.0,,28.66,
482.641,97.1,62.13,62.0,85.0,,28.66,
482.641,97.1,62.13,62.0,85.0,,28.66,
482.641,97.1,62.13,62.0,85.0,,28.66,
482.791,97.7,62.23,62.0,85.0,60.83,28.64,51.01
482.791,97.7,62.23,62.0,85.0,60.83,28.64,51.01
482.791,97.7,62.23,62.0,85.0,60.83,28.64,51.01
482.791,97.7,62.23,62.0,85.0,60.83,28.64,51.01
482.791,97.7,62.23,62.0,85.0,60.83,28.64,51.01
482.791,97.7,62.23,62.0,85.0,60.83,28.64,51.01
482.791,97.7,62.23,62.0,85.0,60.83,28.64,51.01
482.942,98.49,62.35,62.0,85.0,,28.61,
482.942,98.49,62.35,62.0,85.0,,28.61,
482.942,98.49,62.35,62.0,85.0,,28.61,
482.942,98.49,62.35,62.0,85.0,,28.61,
482.942,98.49,62.35,62.0,85.0,,28.61,
483.092,99.08,62.46,62.0,85.0,,28.6,
483.092,99.08,62.46,62.0,85.0,,28.6,
483.092,99.08,62.46,62.0,85.0,,28.6,
483.092,99.08,62.46,62.0,85.0,,28.6,
483.092,99.08,62.46,62.0,85.0,,28.6,
483.246,99.68,62.58,62.0,85.0,,28.57,
483.246,99.68,62.58,62.0,85.0,,28.57,
483.246,99.68,62.58,62.0,85.0,,28.57,
483.246,99.68,62.58,62.0,85.0,,28.57,
483.246,99.68,62.58,62.0,85.0,,28.57,
483.393,100.43,62.71,62.0,85.0,61.08,28.56,50.98
483.393,100.43,62.71,62.0,85.0,61.08,28.56,50.98
483.393,100.43,62.71,62.0,85.0,61.08,28.56,50.98
483.393,100.43,62.71,62.0,85.0,61.08,28.56,50.98
483.393,100.43,62.71,62.0,85.0,61.08,28.56,50.98
483.393,100.43,62.71,62.0,85.0,61.08,28.56,50.98
483.393,100.43,62.71,62.0,85.0,61.08,28.56,50.98
483.542,100.99,62.84,62.0,85.0,,28.53,
483.542,100.99,62.84,62.0,85.0,,28.53,
483.542,100.99,62.84,62.0,85.0,,28.53,
483.542,100.99,62.84,62.0,85.0,,28.53,
483.542,100.99,62.84,62.0,85.0,,28.53,
483.692,101.56,62.97,62.0,85.0,,28.51,
483.692,101.56,62.97,62.0,85.0,,28.51,
483.692,101.56,62.97,62.0,85.0,,28.51,
483.692,101.56,62.97,62.0,85.0,,28.51,
483.692,101.56,62.97,62.0,85.0,,28.51,
483.844,102.26,63.11,62.0,85.0,61.83,28.49,51.3
483.844,102.26,63.11,62.0,85.0,61.83,28.49,51.3
483.844,102.26,63.11,62.0,85.0,61.83,28.49,51.3
483.844,102.26,63.11,62.0,85.0,61.83,28.49,51.3
483.844,102.26,63.11,62.0,85.0,61.83,28.49,51.3
483.844,102.26,63.11,62.0,85.0,61.83,28.49,51.3
483.844,102.26,63.11,62.0,85.0,61.83,28.49,51.3
483.994,102.81,63.25,62.0,85.0,,28.48,
483.994,102.81,63.25,62.0,85.0,,28.48,
483.994,102.81,63.25,62.0,85.0,,28.48,
483.994,102.81,63.25,62.0,85.0,,28.48,
483.994,102.81,63.25,62.0,85.0,,28.48,
484.148,103.32,63.39,62.0,85.0,,28.46,
484.148,103.32,63.39,62.0,85.0,,28.46,
484.148,103.32,63.39,62.0,85.0,,28.46,
484.148,103.32,63.39,62.0,85.0,,28.46,
484.148,103.32,63.39,62.0,85.0,,28.46,
484.294,104.05,63.55,62.0,85.0,,28.45,
484.294,104.05,63.55,62.0,85.0,,28.45,
484.294,104.05,63.55,62.0,85.0,,28.45,
484.294,104.05,63.55,62.0,85.0,,28.45,
484.294,104.05,63.55,62.0,85.0,,28.45,
484.443,104.54,63.7,62.0,85.0,,28.43,
484.443,104.54,63.7,62.0,85.0,,28.43,
484.443,104.54,63.7,62.0,85.0,,28.43,
484.443,104.54,63.7,62.0,85.0,,28.43,
484.443,104.54,63.7,62.0,85.0,,28.43,
484.452,,,,,62.21,,51.29
484.452,,,,,62.21,,51.29
484.593,105.06,63.85,62.0,85.0,,28.42,
484.593,105.06,63.85,62.0,85.0,,28.42,
484.593,105.06,63.85,62.0,85.0,,28.42,
484.593,105.06,63.85,62.0,85.0,,28.42,
484.593,105.06,63.85,62.0,85.0,,28.42,
484.745,105.71,64.01,62.0,85.0,,28.4,
484.745,105.71,64.01,62.0,85.0,,28.4,
484.745,105.71,64.01,62.0,85.0,,28.4,
484.745,105.71,64.01,62.0,85.0,,28.4,
484.745,105.71,64.01,62.0,85.0,,28.4,
484.895,106.23,64.17,62.0,85.0,,28.39,
484.895,106.23,64.17,62.0,85.0,,28.39,
484.895,106.23,64.17,62.0,85.0,,28.39,
484.895,106.23,64.17,62.0,85.0,,28.39,
484.895,106.23,64.17,62.0,85.0,,28.39,
485.045,106.7,64.33,62.0,85.0,63.07,28.38,51.47
485.045,106.7,64.33,62.0,85.0,63.07,28.38,51.47
485.045,106.7,64.33,62.0,85.0,63.07,28.38,51.47
485.045,106.7,64.33,62.0,85.0,63.07,28.38,51.47
485.045,106.7,64.33,62.0,85.0,63.07,28.38,51.47
485.045,106.7,64.33,62.0,85.0,63.07,28.38,51.47
485.045,106.7,64.33,62.0,85.0,63.07,28.38,51.47
485.195,107.32,64.51,62.0,85.0,,28.37,
485.195,107.32,64.51,62.0,85.0,,28.37,
485.195,107.32,64.51,62.0,85.0,,28.37,
485.195,107.32,64.51,62.0,85.0,,28.37,
485.195,107.32,64.51,62.0,85.0,,28.37,
485.345,107.75,64.67,62.0,85.0,,28.36,
485.345,107.75,64.67,62.0,85.0,,28.36,
485.345,107.75,64.67,62.0,85.0,,28.36,
485.345,107.75,64.67,62.0,85.0,,28.36,
485.345,107.75,64.67,62.0,85.0,,28.36,
485.499,108.19,64.84,62.0,85.0,,28.35,
485.499,108.19,64.84,62.0,85.0,,28.35,
485.499,108.19,64.84,62.0,85.0,,28.35,
485.499,108.19,64.84,62.0,85.0,,28.35,
485.499,108.19,64.84,62.0,85.0,,28.35,
485.645,108.69,65.02,62.0,85.0,,28.35,
485.645,108.69,65.02,62.0,85.0,,28.35,
485.645,108.69,65.02,62.0,85.0,,28.35,
485.645,108.69,65.02,62.0,85.0,,28.35,
485.645,108.69,65.02,62.0,85.0,,28.35,
485.795,109.04,65.18,62.0,85.0,63.64,28.34,51.67
485.795,109.04,65.18,62.0,85.0,63.64,28.34,51.67
485.795,109.04,65.18,62.0,85.0,63.64,28.34,51.67
485.795,109.04,65.18,62.0,85.0,63.64,28.34,51.67
485.795,109.04,65.18,62.0,85.0,63.64,28.34,51.67
485.795,109.04,65.18,62.0,85.0,63.64,28.34,51.67
485.795,109.04,65.18,62.0,85.0,63.64,28.34,51.67
485.945,109.34,65.34,62.0,85.0,,28.33,
485.945,109.34,65.34,62.0,85.0,,28.33,
485.945,109.34,65.34,62.0,85.0,,28.33,
485.945,109.34,65.34,62.0,85.0,,28.33,
485.945,109.34,65.34,62.0,85.0,,28.33,
486.095,109.73,65.52,62.0,85.0,,28.33,
486.095,109.73,65.52,62.0,85.0,,28.33,
486.095,109.73,65.52,62.0,85.0,,28.33,
486.095,109.73,65.52,62.0,85.0,,28.33,
486.095,109.73,65.52,62.0,85.0,,28.33,
486.245,109.97,65.68,62.0,85.0,65.32,28.33,51.93
486.245,109.97,65.68,62.0,85.0,65.32,28.33,51.93
486.245,109.97,65.68,62.0,85.0,65.32,28.33,51.93
486.245,109.97,65.68,62.0,85.0,65.32,28.33,51.93
486.245,109.97,65.68,62.0,85.0,65.32,28.33,51.93
486.245,109.97,65.68,62.0,85.0,65.32,28.33,51.93
486.245,109.97,65.68,62.0,85.0,65.32,28.33,51.93
486.4,110.19,65.84,62.0,85.0,,28.33,
486.4,110.19,65.84,62.0,85.0,,28.33,
486.4,110.19,65.84,62.0,85.0,,28.33,
486.4,110.19,65.84,62.0,85.0,,28.33,
486.4,110.19,65.84,62.0,85.0,,28.33,
486.605,110.45,66.02,62.0,85.0,,28.33,
486.605,110.45,66.02,62.0,85.0,,28.33,
486.605,110.45,66.02,62.0,85.0,,28.33,
486.605,110.45,66.02,62.0,85.0,,28.33,
486.605,110.45,66.02,62.0,85.0,,28.33,
486.731,110.66,66.2,62.0,85.0,,28.34,
486.731,110.66,66.2,62.0,85.0,,28.34,
486.731,110.66,66.2,62.0,85.0,,28.34,
486.731,110.66,66.2,62.0,85.0,,28.34,
486.731,110.66,66.2,62.0,85.0,,28.34,
486.881,110.8,66.35,62.0,85.0,66.19,28.34,52.09
486.881,110.8,66.35,62.0,85.0,66.19,28.34,52.09
486.881,110.8,66.35,62.0,85.0,66.19,28.34,52.09
486.881,110.8,66.35,62.0,85.0,66.19,28.34,52.09
486.881,110.8,66.35,62.0,85.0,66.19,28.34,52.09
486.881,110.8,66.35,62.0,85.0,66.19,28.34,52.09
486.881,110.8,66.35,62.0,85.0,66.19,28.34,52.09
487.036,110.94,66.51,62.0,85.0,,28.34,
487.036,110.94,66.51,62.0,85.0,,28.34,
487.036,110.94,66.51,62.0,85.0,,28.34,
487.036,110.94,66.51,62.0,85.0,,28.34,
487.036,110.94,66.51,62.0,85.0,,28.34,
487.183,111.07,66.66,62.0,85.0,,28.34,
487.183,111.07,66.66,62.0,85.0,,28.34,
487.183,111.07,66.66,62.0,85.0,,28.34,
487.183,111.07,66.66,62.0,85.0,,28.34,
487.183,111.07,66.66,62.0,85.0,,28.34,
487.332,111.16,66.81,62.0,85.0,,28.35,
487.332,111.16,66.81,62.0,85.0,,28.35,
487.332,111.16,66.81,62.0,85.0,,28.35,
487.332,111.16,66.81,62.0,85.0,,28.35,
487.332,111.16,66.81,62.0,85.0,,28.35,
487.482,111.25,66.96,62.0,85.0,67.25,28.36,52.17
487.482,111.25,66.96,62.0,85.0,67.25,28.36,52.17
487.482,111.25,66.96,62.0,85.0,67.25,28.36,52.17
487.482,111.25,66.96,62.0,85.0,67.25,28.36,52.17
487.482,111.25,66.96,62.0,85.0,67.25,28.36,52.17
487.482,111.25,66.96,62.0,85.0,67.25,28.36,52.17
487.482,111.25,66.96,62.0,85.0,67.25,28.36,52.17
487.634,111.32,67.11,62.0,85.0,,28.37,
487.634,111.32,67.11,62.0,85.0,,28.37,
487.634,111.32,67.11,62.0,85.0,,28.37,
487.634,111.32,67.11,62.0,85.0,,28.37,
487.634,111.32,67.11,62.0,85.0,,28.37,
487.783,111.38,67.25,62.0,85.0,,28.38,
487.783,111.38,67.25,62.0,85.0,,28.38,
487.783,111.38,67.25,62.0,85.0,,28.38,
487.783,111.38,67.25,62.0,85.0,,28.38,
487.783,111.38,67.25,62.0,85.0,,28.38,
487.933,111.44,67.4,62.0,85.0,,28.39,
487.933,111.44,67.4,62.0,85.0,,28.39,
487.933,111.44,67.4,62.0,85.0,,28.39,
487.933,111.44,67.4,62.0,85.0,,28.39,
487.933,111.44,67.4,62.0,85.0,,28.39,
488.085,111.49,67.54,62.0,85.0,67.61,28.4,52.38
488.085,111.49,67.54,62.0,85.0,67.61,28.4,52.38
488.085,111.49,67.54,62.0,85.0,67.61,28.4,52.38
488.085,111.49,67.54,62.0,85.0,67.61,28.4,52.38
488.085,111.49,67.54,62.0,85.0,67.61,28.4,52.38
488.085,111.49,67.54,62.0,85.0,67.61,28.4,52.38
488.085,111.49,67.54,62.0,85.0,67.61,28.4,52.38
488.234,111.52,67.68,62.0,85.0,,28.4,
488.234,111.52,67.68,62.0,85.0,,28.4,
488.234,111.52,67.68,62.0,85.0,,28.4,
488.234,111.52,67.68,62.0,85.0,,28.4,
488.234,111.52,67.68,62.0,85.0,,28.4,
488.384,111.55,67.82,62.0,85.0,,28.42,
488.384,111.55,67.82,62.0,85.0,,28.42,
488.384,111.55,67.82,62.0,85.0,,28.42,
488.384,111.55,67.82,62.0,85.0,,28.42,
488.384,111.55,67.82,62.0,85.0,,28.42,
488.536,111.62,67.97,62.0,85.0,,28.43,
488.536,111.62,67.97,62.0,85.0,,28.43,
488.536,111.62,67.97,62.0,85.0,,28.43,
488.536,111.62,67.97,62.0,85.0,,28.43,
488.536,111.62,67.97,62.0,85.0,,28.43,
488.685,111.62,68.11,62.0,85.0,68.11,28.44,52.67
488.685,111.62,68.11,62.0,85.0,68.11,28.44,52.67
488.685,111.62,68.11,62.0,85.0,68.11,28.44,52.67
488.685,111.62,68.11,62.0,85.0,68.11,28.44,52.67
488.685,111.62,68.11,62.0,85.0,68.11,28.44,52.67
488.685,111.62,68.11,62.0,85.0,68.11,28.44,52.67
488.685,111.62,68.11,62.0,85.0,68.11,28.44,52.67
488.835,111.66,68.25,62.0,85.0,,28.45,
488.835,111.66,68.25,62.0,85.0,,28.45,
488.835,111.66,68.25,62.0,85.0,,28.45,
488.835,111.66,68.25,62.0,85.0,,28.45,
488.835,111.66,68.25,62.0,85.0,,28.45,
488.987,111.7,68.39,62.0,85.0,,28.46,
488.987,111.7,68.39,62.0,85.0,,28.46,
488.987,111.7,68.39,62.0,85.0,,28.46,
488.987,111.7,68.39,62.0,85.0,,28.46,
488.987,111.7,68.39,62.0,85.0,,28.46,
489.136,111.73,68.53,62.0,85.0,,28.47,
489.136,111.73,68.53,62.0,85.0,,28.47,
489.136,111.73,68.53,62.0,85.0,,28.47,
489.136,111.73,68.53,62.0,85.0,,28.47,
489.136,111.73,68.53,62.0,85.0,,28.47,
489.286,111.74,68.66,62.0,85.0,68.34,28.49,52.77
489.286,111.74,68.66,62.0,85.0,68.34,28.49,52.77
489.286,111.74,68.66,62.0,85.0,68.34,28.49,52.77
489.286,111.74,68.66,62.0,85.0,68.34,28.49,52.77
489.286,111.74,68.66,62.0,85.0,68.34,28.49,52.77
489.286,111.74,68.66,62.0,85.0,68.34,28.49,52.77
489.286,111.74,68.66,62.0,85.0,68.34,28.49,52.77
489.438,111.79,68.81,62.0,85.0,,28.49,
489.438,111.79,68.81,62.0,85.0,,28.49,
489.438,111.79,68.81,62.0,85.0,,28.49,
489.438,111.79,68.81,62.0,85.0,,28.49,
489.438,111.79,68.81,62.0,85.0,,28.49,
489.587,111.81,68.94,62.0,85.0,,28.51,
489.587,111.81,68.94,62.0,85.0,,28.51,
489.587,111.81,68.94,62.0,85.0,,28.51,
489.587,111.81,68.94,62.0,85.0,,28.51,
489.587,111.81,68.94,62.0,85.0,,28.51,
489.737,111.83,69.08,62.0,85.0,,28.52,
489.737,111.83,69.08,62.0,85.0,,28.52,
489.737,111.83,69.08,62.0,85.0,,28.52,
489.737,111.83,69.08,62.0,85.0,,28.52,
489.737,111.83,69.08,62.0,85.0,,28.52,
489.889,111.86,69.22,62.0,85.0,68.68,28.54,53.08
489.889,111.86,69.22,62.0,85.0,68.68,28.54,53.08
489.889,111.86,69.22,62.0,85.0,68.68,28.54,53.08
489.889,111.86,69.22,62.0,85.0,68.68,28.54,53.08
489.889,111.86,69.22,62.0,85.0,68.68,28.54,53.08
489.889,111.86,69.22,62.0,85.0,68.68,28.54,53.08
489.889,111.86,69.22,62.0,85.0,68.68,28.54,53.08
490.038,111.85,69.35,62.0,85.0,,28.55,
490.038,111.85,69.35,62.0,85.0,,28.55,
490.038,111.85,69.35,62.0,85.0,,28.55,
490.038,111.85,69.35,62.0,85.0,,28.55,
490.038,111.85,69.35,62.0,85.0,,28.55,
490.188,111.87,69.48,62.0,85.0,,28.56,
490.188,111.87,69.48,62.0,85.0,,28.56,
490.188,111.87,69.48,62.0,85.0,,28.56,
490.188,111.87,69.48,62.0,85.0,,28.56,
490.188,111.87,69.48,62.0,85.0,,28.56,
490.34,111.91,69.62,62.0,85.0,,28.57,
490.34,111.91,69.62,62.0,85.0,,28.57,
490.34,111.91,69.62,62.0,85.0,,28.57,
490.34,111.91,69.62,62.0,85.0,,28.57,
490.34,111.91,69.62,62.0,85.0,,28.57,
490.489,111.94,69.76,62.0,85.0,68.85,28.58,53.24
490.489,111.94,69.76,62.0,85.0,68.85,28.58,53.24
490.489,111.94,69.76,62.0,85.0,68.85,28.58,53.24
490.489,111.94,69.76,62.0,85.0,68.85,28.58,53.24
490.489,111.94,69.76,62.0,85.0,68.85,28.58,53.24
490.489,111.94,69.76,62.0,85.0,68.85,28.58,53.24
490.489,111.94,69.76,62.0,85.0,68.85,28.58,53.24
490.639,111.95,69.89,62.0,85.0,,28.59,
490.639,111.95,69.89,62.0,85.0,,28.59,
490.639,111.95,69.89,62.0,85.0,,28.59,
490.639,111.95,69.89,62.0,85.0,,28.59,
490.639,111.95,69.89,62.0,85.0,,28.59,
490.792,111.94,70.02,62.0,85.0,,28.6,
490.792,111.94,70.02,62.0,85.0,,28.6,
490.792,111.94,70.02,62.0,85.0,,28.6,
490.792,111.94,70.02,62.0,85.0,,28.6,
490.792,111.94,70.02,62.0,85.0,,28.6,
490.941,111.96,70.15,62.0,85.0,,28.61,
490.941,111.96,70.15,62.0,85.0,,28.61,
490.941,111.96,70.15,62.0,85.0,,28.61,
490.941,111.96,70.15,62.0,85.0,,28.61,
490.941,111.96,70.15,62.0,85.0,,28.61,
491.091,111.98,70.28,62.0,85.0,69.36,28.62,53.47
491.091,111.98,70.28,62.0,85.0,69.36,28.62,53.47
491.091,111.98,70.28,62.0,85.0,69.36,28.62,53.47
491.091,111.98,70.28,62.0,85.0,69.36,28.62,53.47
491.091,111.98,70.28,62.0,85.0,69.36,28.62,53.47
491.091,111.98,70.28,62.0,85.0,69.36,28.62,53.47
491.091,111.98,70.28,62.0,85.0,69.36,28.62,53.47
491.245,111.98,70.41,62.0,85.0,,28.64,
491.245,111.98,70.41,62.0,85.0,,28.64,
491.245,111.98,70.41,62.0,85.0,,28.64,
491.245,111.98,70.41,62.0,85.0,,28.64,
491.245,111.98,70.41,62.0,85.0,,28.64,
491.393,111.99,70.54,62.0,85.0,,28.64,
491.393,111.99,70.54,62.0,85.0,,28.64,
491.393,111.99,70.54,62.0,85.0,,28.64,
491.393,111.99,70.54,62.0,85.0,,28.64,
491.393,111.99,70.54,62.0,85.0,,28.64,
491.543,112.01,70.67,62.0,85.0,,28.65,
491.543,112.01,70.67,62.0,85.0,,28.65,
491.543,112.01,70.67,62.0,85.0,,28.65,
491.543,112.01,70.67,62.0,85.0,,28.65,
491.543,112.01,70.67,62.0,85.0,,28.65,
491.695,112.03,70.81,62.0,85.0,69.54,28.67,53.63
491.695,112.03,70.81,62.0,85.0,69.54,28.67,53.63
491.695,112.03,70.81,62.0,85.0,69.54,28.67,53.63
491.695,112.03,70.81,62.0,85.0,69.54,28.67,53.63
491.695,112.03,70.81,62.0,85.0,69.54,28.67,53.63
491.695,112.03,70.81,62.0,85.0,69.54,28.67,53.63
491.695,112.03,70.81,62.0,85.0,69.54,28.67,53.63
491.844,112.04,70.93,62.0,85.0,,28.68,
491.844,112.04,70.93,62.0,85.0,,28.68,
491.844,112.04,70.93,62.0,85.0,,28.68,
491.844,112.04,70.93,62.0,85.0,,28.68,
491.844,112.04,70.93,62.0,85.0,,28.68,
491.994,112.06,71.06,62.0,85.0,,28.69,
491.994,112.06,71.06,62.0,85.0,,28.69,
491.994,112.06,71.06,62.0,85.0,,28.69,
491.994,112.06,71.06,62.0,85.0,,28.69,
491.994,112.06,71.06,62.0,85.0,,28.69,
492.146,112.08,71.2,62.0,85.0,,28.7,
492.146,112.08,71.2,62.0,85.0,,28.7,
492.146,112.08,71.2,62.0,85.0,,28.7,
492.146,112.08,71.2,62.0,85.0,,28.7,
492.146,112.08,71.2,62.0,85.0,,28.7,
492.295,112.09,71.32,62.0,85.0,,28.71,
492.295,112.09,71.32,62.0,85.0,,28.71,
492.295,112.09,71.32,62.0,85.0,,28.71,
492.295,112.09,71.32,62.0,85.0,,28.71,
492.295,112.09,71.32,62.0,85.0,,28.71,
492.348,,,,,69.9,,53.84
492.348,,,,,69.9,,53.84
492.445,112.09,71.45,62.0,85.0,,28.72,
492.445,112.09,71.45,62.0,85.0,,28.72,
492.445,112.09,71.45,62.0,85.0,,28.72,
492.445,112.09,71.45,62.0,85.0,,28.72,
492.445,112.09,71.45,62.0,85.0,,28.72,
492.597,112.12,71.58,62.0,85.0,,28.75,
492.597,112.12,71.58,62.0,85.0,,28.75,
492.597,112.12,71.58,62.0,85.0,,28.75,
492.597,112.12,71.58,62.0,85.0,,28.75,
492.597,112.12,71.58,62.0,85.0,,28.75,
492.746,112.14,71.7,62.0,85.0,,28.75,
492.746,112.14,71.7,62.0,85.0,,28.75,
492.746,112.14,71.7,62.0,85.0,,28.75,
492.746,112.14,71.7,62.0,85.0,,28.75,
492.746,112.14,71.7,62.0,85.0,,28.75,
492.896,112.15,71.83,62.0,85.0,70.27,28.77,54.07
492.896,112.15,71.83,62.0,85.0,70.27,28.77,54.07
492.896,112.15,71.83,62.0,85.0,70.27,28.77,54.07
492.896,112.15,71.83,62.0,85.0,70.27,28.77,54.07
492.896,112.15,71.83,62.0,85.0,70.27,28.77,54.07
492.896,112.15,71.83,62.0,85.0,70.27,28.77,54.07
492.896,112.15,71.83,62.0,85.0,70.27,28.77,54.07
493.048,112.15,71.95,62.0,85.0,,28.78,
493.048,112.15,71.95,62.0,85.0,,28.78,
493.048,112.15,71.95,62.0,85.0,,28.78,
493.048,112.15,71.95,62.0,85.0,,28.78,
493.048,112.15,71.95,62.0,85.0,,28.78,
493.197,112.15,72.08,62.0,85.0,,28.79,
493.197,112.15,72.08,62.0,85.0,,28.79,
493.197,112.15,72.08,62.0,85.0,,28.79,
493.197,112.15,72.08,62.0,85.0,,28.79,
493.197,112.15,72.08,62.0,85.0,,28.79,
493.347,112.17,72.2,62.0,85.0,,28.8,
493.347,112.17,72.2,62.0,85.0,,28.8,
493.347,112.17,72.2,62.0,85.0,,28.8,
493.347,112.17,72.2,62.0,85.0,,28.8,
493.347,112.17,72.2,62.0,85.0,,28.8,
493.5,112.2,72.34,62.0,85.0,70.82,28.82,54.38
493.5,112.2,72.34,62.0,85.0,70.82,28.82,54.38
493.5,112.2,72.34,62.0,85.0,70.82,28.82,54.38
493.5,112.2,72.34,62.0,85.0,70.82,28.82,54.38
493.5,112.2,72.34,62.0,85.0,70.82,28.82,54.38
493.5,112.2,72.34,62.0,85.0,70.82,28.82,54.38
493.5,112.2,72.34,62.0,85.0,70.82,28.82,54.38
493.648,112.2,72.45,62.0,85.0,,28.83,
493.648,112.2,72.45,62.0,85.0,,28.83,
493.648,112.2,72.45,62.0,85.0,,28.83,
493.648,112.2,72.45,62.0,85.0,,28.83,
493.648,112.2,72.45,62.0,85.0,,28.83,
493.798,112.21,72.58,62.0,85.0,,28.85,
493.798,112.21,72.58,62.0,85.0,,28.85,
493.798,112.21,72.58,62.0,85.0,,28.85,
493.798,112.21,72.58,62.0,85.0,,28.85,
493.798,112.21,72.58,62.0,85.0,,28.85,
493.95,112.25,72.71,62.0,85.0,,28.86,
493.95,112.25,72.71,62.0,85.0,,28.86,
493.95,112.25,72.71,62.0,85.0,,28.86,
493.95,112.25,72.71,62.0,85.0,,28.86,
493.95,112.25,72.71,62.0,85.0,,28.86,
494.099,112.24,72.83,62.0,85.0,71.1,28.87,54.47
494.099,112.24,72.83,62.0,85.0,71.1,28.87,54.47
494.099,112.24,72.83,62.0,85.0,71.1,28.87,54.47
494.099,112.24,72.83,62.0,85.0,71.1,28.87,54.47
494.099,112.24,72.83,62.0,85.0,71.1,28.87,54.47
494.099,112.24,72.83,62.0,85.0,71.1,28.87,54.47
494.099,112.24,72.83,62.0,85.0,71.1,28.87,54.47
494.249,112.25,72.95,62.0,85.0,,28.88,
494.249,112.25,72.95,62.0,85.0,,28.88,
494.249,112.25,72.95,62.0,85.0,,28.88,
494.249,112.25,72.95,62.0,85.0,,28.88,
494.249,112.25,72.95,62.0,85.0,,28.88,
494.4,112.29,73.08,62.0,85.0,,28.9,
494.4,112.29,73.08,62.0,85.0,,28.9,
494.4,112.29,73.08,62.0,85.0,,28.9,
494.4,112.29,73.08,62.0,85.0,,28.9,
494.4,112.29,73.08,62.0,85.0,,28.9,
494.549,112.3,73.2,62.0,85.0,,28.91,
494.549,112.3,73.2,62.0,85.0,,28.91,
494.549,112.3,73.2,62.0,85.0,,28.91,
494.549,112.3,73.2,62.0,85.0,,28.91,
494.549,112.3,73.2,62.0,85.0,,28.91,
494.699,112.31,73.32,62.0,85.0,71.82,28.93,54.79
494.699,112.31,73.32,62.0,85.0,71.82,28.93,54.79
494.699,112.31,73.32,62.0,85.0,71.82,28.93,54.79
494.699,112.31,73.32,62.0,85.0,71.82,28.93,54.79
494.699,112.31,73.32,62.0,85.0,71.82,28.93,54.79
494.699,112.31,73.32,62.0,85.0,71.82,28.93,54.79
494.699,112.31,73.32,62.0,85.0,71.82,28.93,54.79
494.851,112.33,73.44,62.0,85.0,,28.94,
494.851,112.33,73.44,62.0,85.0,,28.94,
494.851,112.33,73.44,62.0,85.0,,28.94,
494.851,112.33,73.44,62.0,85.0,,28.94,
494.851,112.33,73.44,62.0,85.0,,28.94,
495.0,112.33,73.56,62.0,85.0,,28.95,
495.0,112.33,73.56,62.0,85.0,,28.95,
495.0,112.33,73.56,62.0,85.0,,28.95,
495.0,112.33,73.56,62.0,85.0,,28.95,
495.0,112.33,73.56,62.0,85.0,,28.95,
495.15,112.34,73.68,62.0,85.0,,28.96,
495.15,112.34,73.68,62.0,85.0,,28.96,
495.15,112.34,73.68,62.0,85.0,,28.96,
495.15,112.34,73.68,62.0,85.0,,28.96,
495.15,112.34,73.68,62.0,85.0,,28.96,
495.301,112.34,73.8,62.0,85.0,72.11,28.97,54.99
495.301,112.34,73.8,62.0,85.0,72.11,28.97,54.99
495.301,112.34,73.8,62.0,85.0,72.11,28.97,54.99
495.301,112.34,73.8,62.0,85.0,72.11,28.97,54.99
495.301,112.34,73.8,62.0,85.0,72.11,28.97,54.99
495.301,112.34,73.8,62.0,85.0,72.11,28.97,54.99
495.301,112.34,73.8,62.0,85.0,72.11,28.97,54.99
495.45,112.35,73.91,62.0,85.0,,28.99,
495.45,112.35,73.91,62.0,85.0,,28.99,
495.45,112.35,73.91,62.0,85.0,,28.99,
495.45,112.35,73.91,62.0,85.0,,28.99,
495.45,112.35,73.91,62.0,85.0,,28.99,
495.6,112.35,74.03,62.0,85.0,,29.0,
495.6,112.35,74.03,62.0,85.0,,29.0,
495.6,112.35,74.03,62.0,85.0,,29.0,
495.6,112.35,74.03,62.0,85.0,,29.0,
495.6,112.35,74.03,62.0,85.0,,29.0,
495.753,112.36,74.15,62.0,85.0,,29.02,
495.753,112.36,74.15,62.0,85.0,,29.02,
495.753,112.36,74.15,62.0,85.0,,29.02,
495.753,112.36,74.15,62.0,85.0,,29.02,
495.753,112.36,74.15,62.0,85.0,,29.02,
495.901,112.4,74.27,62.0,85.0,72.68,29.04,55.27
495.901,112.4,74.27,62.0,85.0,72.68,29.04,55.27
495.901,112.4,74.27,62.0,85.0,72.68,29.04,55.27
495.901,112.4,74.27,62.0,85.0,72.68,29.04,55.27
495.901,112.4,74.27,62.0,85.0,72.68,29.04,55.27
495.901,112.4,74.27,62.0,85.0,72.68,29.04,55.27
495.901,112.4,74.27,62.0,85.0,72.68,29.04,55.27
496.05,112.4,74.39,62.0,85.0,,29.05,
496.05,112.4,74.39,62.0,85.0,,29.05,
496.05,112.4,74.39,62.0,85.0,,29.05,
496.05,112.4,74.39,62.0,85.0,,29.05,
496.05,112.4,74.39,62.0,85.0,,29.05,
496.2,112.4,74.5,62.0,85.0,,29.06,
496.2,112.4,74.5,62.0,85.0,,29.06,
496.2,112.4,74.5,62.0,85.0,,29.06,
496.2,112.4,74.5,62.0,85.0,,29.06,
496.2,112.4,74.5,62.0,85.0,,29.06,
496.352,112.41,74.62,62.0,85.0,,29.08,
496.352,112.41,74.62,62.0,85.0,,29.08,
496.352,112.41,74.62,62.0,85.0,,29.08,
496.352,112.41,74.62,62.0,85.0,,29.08,
496.352,112.41,74.62,62.0,85.0,,29.08,
496.501,112.43,74.74,62.0,85.0,72.92,29.09,55.34
496.501,112.43,74.74,62.0,85.0,72.92,29.09,55.34
496.501,112.43,74.74,62.0,85.0,72.92,29.09,55.34
496.501,112.43,74.74,62.0,85.0,72.92,29.09,55.34
496.501,112.43,74.74,62.0,85.0,72.92,29.09,55.34
496.501,112.43,74.74,62.0,85.0,72.92,29.09,55.34
496.501,112.43,74.74,62.0,85.0,72.92,29.09,55.34
496.651,112.43,74.85,62.0,85.0,,29.1,
496.651,112.43,74.85,62.0,85.0,,29.1,
496.651,112.43,74.85,62.0,85.0,,29.1,
496.651,112.43,74.85,62.0,85.0,,29.1,
496.651,112.43,74.85,62.0,85.0,,29.1,
496.803,112.44,74.97,62.0,85.0,,29.11,
496.803,112.44,74.97,62.0,85.0,,29.11,
496.803,112.44,74.97,62.0,85.0,,29.11,
496.803,112.44,74.97,62.0,85.0,,29.11,
496.803,112.44,74.97,62.0,85.0,,29.11,
496.952,112.45,75.08,62.0,85.0,,29.13,
496.952,112.45,75.08,62.0,85.0,,29.13,
496.952,112.45,75.08,62.0,85.0,,29.13,
496.952,112.45,75.08,62.0,85.0,,29.13,
496.952,112.45,75.08,62.0,85.0,,29.13,
497.102,112.46,75.2,62.0,85.0,73.38,29.14,55.73
497.102,112.46,75.2,62.0,85.0,73.38,29.14,55.73
497.102,112.46,75.2,62.0,85.0,73.38,29.14,55.73
497.102,112.46,75.2,62.0,85.0,73.38,29.14,55.73
497.102,112.46,75.2,62.0,85.0,73.38,29.14,55.73
497.102,112.46,75.2,62.0,85.0,73.38,29.14,55.73
497.102,112.46,75.2,62.0,85.0,73.38,29.14,55.73
497.254,112.47,75.31,62.0,85.0,,29.16,
497.254,112.47,75.31,62.0,85.0,,29.16,
497.254,112.47,75.31,62.0,85.0,,29.16,
497.254,112.47,75.31,62.0,85.0,,29.16,
497.254,112.47,75.31,62.0,85.0,,29.16,
497.403,112.48,75.42,62.0,85.0,,29.17,
497.403,112.48,75.42,62.0,85.0,,29.17,
497.403,112.48,75.42,62.0,85.0,,29.17,
497.403,112.48,75.42,62.0,85.0,,29.17,
497.403,112.48,75.42,62.0,85.0,,29.17,
497.553,112.49,75.54,62.0,85.0,,29.18,
497.553,112.49,75.54,62.0,85.0,,29.18,
497.553,112.49,75.54,62.0,85.0,,29.18,
497.553,112.49,75.54,62.0,85.0,,29.18,
497.553,112.49,75.54,62.0,85.0,,29.18,
497.705,112.51,75.66,62.0,85.0,73.62,29.2,55.96
497.705,112.51,75.66,62.0,85.0,73.62,29.2,55.96
497.705,112.51,75.66,62.0,85.0,73.62,29.2,55.96
497.705,112.51,75.66,62.0,85.0,73.62,29.2,55.96
497.705,112.51,75.66,62.0,85.0,73.62,29.2,55.96
497.705,112.51,75.66,62.0,85.0,73.62,29.2,55.96
497.705,112.51,75.66,62.0,85.0,73.62,29.2,55.96
497.854,112.5,75.76,62.0,85.0,,29.2,
497.854,112.5,75.76,62.0,85.0,,29.2,
497.854,112.5,75.76,62.0,85.0,,29.2,
497.854,112.5,75.76,62.0,85.0,,29.2,
497.854,112.5,75.76,62.0,85.0,,29.2,
498.004,112.5,75.87,62.0,85.0,,29.22,
498.004,112.5,75.87,62.0,85.0,,29.22,
498.004,112.5,75.87,62.0,85.0,,29.22,
498.004,112.5,75.87,62.0,85.0,,29.22,
498.004,112.5,75.87,62.0,85.0,,29.22,
498.155,112.52,75.98,62.0,85.0,,29.23,
498.155,112.52,75.98,62.0,85.0,,29.23,
498.155,112.52,75.98,62.0,85.0,,29.23,
498.155,112.52,75.98,62.0,85.0,,29.23,
498.155,112.52,75.98,62.0,85.0,,29.23,
498.304,112.53,76.09,62.0,85.0,74.13,29.25,56.27
498.304,112.53,76.09,62.0,85.0,74.13,29.25,56.27
498.304,112.53,76.09,62.0,85.0,74.13,29.25,56.27
498.304,112.53,76.09,62.0,85.0,74.13,29.25,56.27
498.304,112.53,76.09,62.0,85.0,74.13,29.25,56.27
498.304,112.53,76.09,62.0,85.0,74.13,29.25,56.27
498.304,112.53,76.09,62.0,85.0,74.13,29.25,56.27
498.454,112.53,76.2,62.0,85.0,,29.26,
498.454,112.53,76.2,62.0,85.0,,29.26,
498.454,112.53,76.2,62.0,85.0,,29.26,
498.454,112.53,76.2,62.0,85.0,,29.26,
498.454,112.53,76.2,62.0,85.0,,29.26,
498.677,112.54,76.33,62.0,85.0,,29.27,
498.677,112.54,76.33,62.0,85.0,,29.27,
498.677,112.54,76.33,62.0,85.0,,29.27,
498.677,112.54,76.33,62.0,85.0,,29.27,
498.677,112.54,76.33,62.0,85.0,,29.27,
498.803,112.58,76.47,62.0,85.0,,29.29,
498.803,112.58,76.47,62.0,85.0,,29.29,
498.803,112.58,76.47,62.0,85.0,,29.29,
498.803,112.58,76.47,62.0,85.0,,29.29,
498.803,112.58,76.47,62.0,85.0,,29.29,
498.953,112.56,76.57,62.0,85.0,74.37,29.3,56.4
498.953,112.56,76.57,62.0,85.0,74.37,29.3,56.4
498.953,112.56,76.57,62.0,85.0,74.37,29.3,56.4
498.953,112.56,76.57,62.0,85.0,74.37,29.3,56.4
498.953,112.56,76.57,62.0,85.0,74.37,29.3,56.4
498.953,112.56,76.57,62.0,85.0,74.37,29.3,56.4
498.953,112.56,76.57,62.0,85.0,74.37,29.3,56.4
499.105,112.58,76.68,62.0,85.0,,29.31,
499.105,112.58,76.68,62.0,85.0,,29.31,
499.105,112.58,76.68,62.0,85.0,,29.31,
499.105,112.58,76.68,62.0,85.0,,29.31,
499.105,112.58,76.68,62.0,85.0,,29.31,
499.254,112.57,76.78,62.0,85.0,,29.34,
499.254,112.57,76.78,62.0,85.0,,29.34,
499.254,112.57,76.78,62.0,85.0,,29.34,
499.254,112.57,76.78,62.0,85.0,,29.34,
499.254,112.57,76.78,62.0,85.0,,29.34,
499.404,112.58,76.89,62.0,85.0,,29.35,
499.404,112.58,76.89,62.0,85.0,,29.35,
499.404,112.58,76.89,62.0,85.0,,29.35,
499.404,112.58,76.89,62.0,85.0,,29.35,
499.404,112.58,76.89,62.0,85.0,,29.35,
499.559,112.57,76.99,62.0,85.0,74.85,29.36,56.72
499.559,112.57,76.99,62.0,85.0,74.85,29.36,56.72
499.559,112.57,76.99,62.0,85.0,74.85,29.36,56.72
499.559,112.57,76.99,62.0,85.0,74.85,29.36,56.72
499.559,112.57,76.99,62.0,85.0,74.85,29.36,56.72
499.559,112.57,76.99,62.0,85.0,74.85,29.36,56.72
499.559,112.57,76.99,62.0,85.0,74.85,29.36,56.72
499.705,112.6,77.11,62.0,85.0,,29.38,
499.705,112.6,77.11,62.0,85.0,,29.38,
499.705,112.6,77.11,62.0,85.0,,29.38,
499.705,112.6,77.11,62.0,85.0,,29.38,
499.705,112.6,77.11,62.0,85.0,,29.38,
499.855,112.62,77.22,62.0,85.0,,29.39,
499.855,112.62,77.22,62.0,85.0,,29.39,
499.855,112.62,77.22,62.0,85.0,,29.39,
499.855,112.62,77.22,62.0,85.0,,29.39,
499.855,112.62,77.22,62.0,85.0,,29.39,
500.01,112.62,77.32,62.0,85.0,,29.41,
500.01,112.62,77.32,62.0,85.0,,29.41,
500.01,112.62,77.32,62.0,85.0,,29.41,
500.01,112.62,77.32,62.0,85.0,,29.41,
500.01,112.62,77.32,62.0,85.0,,29.41,
500.155,112.64,77.44,62.0,85.0,,29.42,
500.155,112.64,77.44,62.0,85.0,,29.42,
500.155,112.64,77.44,62.0,85.0,,29.42,
500.155,112.64,77.44,62.0,85.0,,29.42,
500.155,112.64,77.44,62.0,85.0,,29.42,
500.231,,,,,75.03,,57.16
500.231,,,,,75.03,,57.16
500.305,112.65,77.54,62.0,85.0,,29.44,
500.305,112.65,77.54,62.0,85.0,,29.44,
500.305,112.65,77.54,62.0,85.0,,29.44,
500.305,112.65,77.54,62.0,85.0,,29.44,
500.305,112.65,77.54,62.0,85.0,,29.44,
500.46,112.64,77.64,62.0,85.0,,29.44,
500.46,112.64,77.64,62.0,85.0,,29.44,
500.46,112.64,77.64,62.0,85.0,,29.44,
500.46,112.64,77.64,62.0,85.0,,29.44,
500.46,112.64,77.64,62.0,85.0,,29.44,
500.605,112.64,77.74,62.0,85.0,,29.46,
500.605,112.64,77.74,62.0,85.0,,29.46,
500.605,112.64,77.74,62.0,85.0,,29.46,
500.605,112.64,77.74,62.0,85.0,,29.46,
500.605,112.64,77.74,62.0,85.0,,29.46,
500.755,112.64,77.84,62.0,85.0,75.57,29.48,57.37
500.755,112.64,77.84,62.0,85.0,75.57,29.48,57.37
500.755,112.64,77.84,62.0,85.0,75.57,29.48,57.37
500.755,112.64,77.84,62.0,85.0,75.57,29.48,57.37
500.755,112.64,77.84,62.0,85.0,75.57,29.48,57.37
500.755,112.64,77.84,62.0,85.0,75.57,29.48,57.37
500.755,112.64,77.84,62.0,85.0,75.57,29.48,57.37
500.908,112.64,77.94,62.0,85.0,,29.49,
500.908,112.64,77.94,62.0,85.0,,29.49,
500.908,112.64,77.94,62.0,85.0,,29.49,
500.908,112.64,77.94,62.0,85.0,,29.49,
500.908,112.64,77.94,62.0,85.0,,29.49,
501.061,112.63,78.04,62.0,85.0,,29.5,
501.061,112.63,78.04,62.0,85.0,,29.5,
501.061,112.63,78.04,62.0,85.0,,29.5,
501.061,112.63,78.04,62.0,85.0,,29.5,
501.061,112.63,78.04,62.0,85.0,,29.5,
501.206,112.63,78.14,62.0,85.0,,29.51,
501.206,112.63,78.14,62.0,85.0,,29.51,
501.206,112.63,78.14,62.0,85.0,,29.51,
501.206,112.63,78.14,62.0,85.0,,29.51,
501.206,112.63,78.14,62.0,85.0,,29.51,
501.357,112.63,78.24,62.0,85.0,,29.52,
501.357,112.63,78.24,62.0,85.0,,29.52,
501.357,112.63,78.24,62.0,85.0,,29.52,
501.357,112.63,78.24,62.0,85.0,,29.52,
501.357,112.63,78.24,62.0,85.0,,29.52,
501.373,,,,,75.75,,57.74
501.373,,,,,75.75,,57.74
501.51,112.63,78.34,62.0,85.0,,29.54,
501.51,112.63,78.34,62.0,85.0,,29.54,
501.51,112.63,78.34,62.0,85.0,,29.54,
501.51,112.63,78.34,62.0,85.0,,29.54,
501.51,112.63,78.34,62.0,85.0,,29.54,
501.658,112.65,78.45,62.0,85.0,,29.55,
501.658,112.65,78.45,62.0,85.0,,29.55,
501.658,112.65,78.45,62.0,85.0,,29.55,
501.658,112.65,78.45,62.0,85.0,,29.55,
501.658,112.65,78.45,62.0,85.0,,29.55,
501.807,112.65,78.55,62.0,85.0,,29.57,
501.807,112.65,78.55,62.0,85.0,,29.57,
501.807,112.65,78.55,62.0,85.0,,29.57,
501.807,112.65,78.55,62.0,85.0,,29.57,
501.807,112.65,78.55,62.0,85.0,,29.57,
501.957,112.65,78.65,62.0,85.0,76.22,29.58,57.89
501.957,112.65,78.65,62.0,85.0,76.22,29.58,57.89
501.957,112.65,78.65,62.0,85.0,76.22,29.58,57.89
501.957,112.65,78.65,62.0,85.0,76.22,29.58,57.89
501.957,112.65,78.65,62.0,85.0,76.22,29.58,57.89
501.957,112.65,78.65,62.0,85.0,76.22,29.58,57.89
501.957,112.65,78.65,62.0,85.0,76.22,29.58,57.89
502.11,112.66,78.75,62.0,85.0,,29.6,
502.11,112.66,78.75,62.0,85.0,,29.6,
502.11,112.66,78.75,62.0,85.0,,29.6,
502.11,112.66,78.75,62.0,85.0,,29.6,
502.11,112.66,78.75,62.0,85.0,,29.6,
502.259,112.66,78.85,62.0,85.0,,29.61,
502.259,112.66,78.85,62.0,85.0,,29.61,
502.259,112.66,78.85,62.0,85.0,,29.61,
502.259,112.66,78.85,62.0,85.0,,29.61,
502.259,112.66,78.85,62.0,85.0,,29.61,
502.409,112.68,78.95,62.0,85.0,,29.62,
502.409,112.68,78.95,62.0,85.0,,29.62,
502.409,112.68,78.95,62.0,85.0,,29.62,
502.409,112.68,78.95,62.0,85.0,,29.62,
502.409,112.68,78.95,62.0,85.0,,29.62,
502.561,112.67,79.05,62.0,85.0,76.46,29.63,58.26
502.561,112.67,79.05,62.0,85.0,76.46,29.63,58.26
502.561,112.67,79.05,62.0,85.0,76.46,29.63,58.26
502.561,112.67,79.05,62.0,85.0,76.46,29.63,58.26
502.561,112.67,79.05,62.0,85.0,76.46,29.63,58.26
502.561,112.67,79.05,62.0,85.0,76.46,29.63,58.26
502.561,112.67,79.05,62.0,85.0,76.46,29.63,58.26
502.71,112.69,79.15,62.0,85.0,,29.65,
502.71,112.69,79.15,62.0,85.0,,29.65,
502.71,112.69,79.15,62.0,85.0,,29.65,
502.71,112.69,79.15,62.0,85.0,,29.65,
502.71,112.69,79.15,62.0,85.0,,29.65,
502.86,112.68,79.25,62.0,85.0,,29.66,
502.86,112.68,79.25,62.0,85.0,,29.66,
502.86,112.68,79.25,62.0,85.0,,29.66,
502.86,112.68,79.25,62.0,85.0,,29.66,
502.86,112.68,79.25,62.0,85.0,,29.66,
503.012,112.7,79.35,62.0,85.0,,29.68,
503.012,112.7,79.35,62.0,85.0,,29.68,
503.012,112.7,79.35,62.0,85.0,,29.68,
503.012,112.7,79.35,62.0,85.0,,29.68,
503.012,112.7,79.35,62.0,85.0,,29.68,
503.161,112.69,79.44,62.0,85.0,76.92,29.69,58.38
503.161,112.69,79.44,62.0,85.0,76.92,29.69,58.38
503.161,112.69,79.44,62.0,85.0,76.92,29.69,58.38
503.161,112.69,79.44,62.0,85.0,76.92,29.69,58.38
503.161,112.69,79.44,62.0,85.0,76.92,29.69,58.38
503.161,112.69,79.44,62.0,85.0,76.92,29.69,58.38
503.161,112.69,79.44,62.0,85.0,76.92,29.69,58.38
503.311,112.69,79.53,62.0,85.0,,29.7,
503.311,112.69,79.53,62.0,85.0,,29.7,
503.311,112.69,79.53,62.0,85.0,,29.7,
503.311,112.69,79.53,62.0,85.0,,29.7,
503.311,112.69,79.53,62.0,85.0,,29.7,
503.463,112.73,79.65,62.0,85.0,,29.72,
503.463,112.73,79.65,62.0,85.0,,29.72,
503.463,112.73,79.65,62.0,85.0,,29.72,
503.463,112.73,79.65,62.0,85.0,,29.72,
503.463,112.73,79.65,62.0,85.0,,29.72,
503.612,112.73,79.74,62.0,85.0,,29.73,
503.612,112.73,79.74,62.0,85.0,,29.73,
503.612,112.73,79.74,62.0,85.0,,29.73,
503.612,112.73,79.74,62.0,85.0,,29.73,
503.612,112.73,79.74,62.0,85.0,,29.73,
503.762,112.73,79.84,62.0,85.0,77.5,29.74,58.79
503.762,112.73,79.84,62.0,85.0,77.5,29.74,58.79
503.762,112.73,79.84,62.0,85.0,77.5,29.74,58.79
503.762,112.73,79.84,62.0,85.0,77.5,29.74,58.79
503.762,112.73,79.84,62.0,85.0,77.5,29.74,58.79
503.762,112.73,79.84,62.0,85.0,77.5,29.74,58.79
503.762,112.73,79.84,62.0,85.0,77.5,29.74,58.79
503.916,112.74,79.94,62.0,85.0,,29.76,
503.916,112.74,79.94,62.0,85.0,,29.76,
503.916,112.74,79.94,62.0,85.0,,29.76,
503.916,112.74,79.94,62.0,85.0,,29.76,
503.916,112.74,79.94,62.0,85.0,,29.76,
504.062,112.74,80.03,62.0,85.0,,29.78,
504.062,112.74,80.03,62.0,85.0,,29.78,
504.062,112.74,80.03,62.0,85.0,,29.78,
504.062,112.74,80.03,62.0,85.0,,29.78,
504.062,112.74,80.03,62.0,85.0,,29.78,
504.212,112.74,80.12,62.0,85.0,,29.79,
504.212,112.74,80.12,62.0,85.0,,29.79,
504.212,112.74,80.12,62.0,85.0,,29.79,
504.212,112.74,80.12,62.0,85.0,,29.79,
504.212,112.74,80.12,62.0,85.0,,29.79,
504.367,112.73,80.21,62.0,85.0,77.75,29.8,58.96
504.367,112.73,80.21,62.0,85.0,77.75,29.8,58.96
504.367,112.73,80.21,62.0,85.0,77.75,29.8,58.96
504.367,112.73,80.21,62.0,85.0,77.75,29.8,58.96
504.367,112.73,80.21,62.0,85.0,77.75,29.8,58.96
504.367,112.73,80.21,62.0,85.0,77.75,29.8,58.96
504.367,112.73,80.21,62.0,85.0,77.75,29.8,58.96
504.512,112.75,80.31,62.0,85.0,,29.83,
504.512,112.75,80.31,62.0,85.0,,29.83,
504.512,112.75,80.31,62.0,85.0,,29.83,
504.512,112.75,80.31,62.0,85.0,,29.83,
504.512,112.75,80.31,62.0,85.0,,29.83,
504.662,112.75,80.4,62.0,85.0,,29.84,
504.662,112.75,80.4,62.0,85.0,,29.84,
504.662,112.75,80.4,62.0,85.0,,29.84,
504.662,112.75,80.4,62.0,85.0,,29.84,
504.662,112.75,80.4,62.0,85.0,,29.84,
504.817,112.76,80.5,62.0,85.0,,29.86,
504.817,112.76,80.5,62.0,85.0,,29.86,
504.817,112.76,80.5,62.0,85.0,,29.86,
504.817,112.76,80.5,62.0,85.0,,29.86,
504.817,112.76,80.5,62.0,85.0,,29.86,
504.964,112.75,80.59,62.0,85.0,78.14,29.87,59.36
504.964,112.75,80.59,62.0,85.0,78.14,29.87,59.36
504.964,112.75,80.59,62.0,85.0,78.14,29.87,59.36
504.964,112.75,80.59,62.0,85.0,78.14,29.87,59.36
504.964,112.75,80.59,62.0,85.0,78.14,29.87,59.36
504.964,112.75,80.59,62.0,85.0,78.14,29.87,59.36
504.964,112.75,80.59,62.0,85.0,78.14,29.87,59.36
505.114,112.76,80.68,62.0,85.0,,29.88,
505.114,112.76,80.68,62.0,85.0,,29.88,
505.114,112.76,80.68,62.0,85.0,,29.88,
505.114,112.76,80.68,62.0,85.0,,29.88,
505.114,112.76,80.68,62.0,85.0,,29.88,
505.269,112.77,80.78,62.0,85.0,,29.89,
505.269,112.77,80.78,62.0,85.0,,29.89,
505.269,112.77,80.78,62.0,85.0,,29.89,
505.269,112.77,80.78,62.0,85.0,,29.89,
505.269,112.77,80.78,62.0,85.0,,29.89,
505.414,112.77,80.87,62.0,85.0,,29.91,
505.414,112.77,80.87,62.0,85.0,,29.91,
505.414,112.77,80.87,62.0,85.0,,29.91,
505.414,112.77,80.87,62.0,85.0,,29.91,
505.414,112.77,80.87,62.0,85.0,,29.91,
505.564,112.76,80.96,62.0,85.0,78.3,29.92,59.59
505.564,112.76,80.96,62.0,85.0,78.3,29.92,59.59
505.564,112.76,80.96,62.0,85.0,78.3,29.92,59.59
505.564,112.76,80.96,62.0,85.0,78.3,29.92,59.59
505.564,112.76,80.96,62.0,85.0,78.3,29.92,59.59
505.564,112.76,80.96,62.0,85.0,78.3,29.92,59.59
505.564,112.76,80.96,62.0,85.0,78.3,29.92,59.59
505.718,112.78,81.04,62.0,85.0,,29.93,
505.718,112.78,81.04,62.0,85.0,,29.93,
505.718,112.78,81.04,62.0,85.0,,29.93,
505.718,112.78,81.04,62.0,85.0,,29.93,
505.718,112.78,81.04,62.0,85.0,,29.93,
505.864,112.78,81.13,62.0,85.0,,29.95,
505.864,112.78,81.13,62.0,85.0,,29.95,
505.864,112.78,81.13,62.0,85.0,,29.95,
505.864,112.78,81.13,62.0,85.0,,29.95,
505.864,112.78,81.13,62.0,85.0,,29.95,
506.013,112.78,81.21,62.0,85.0,,29.96,
506.013,112.78,81.21,62.0,85.0,,29.96,
506.013,112.78,81.21,62.0,85.0,,29.96,
506.013,112.78,81.21,62.0,85.0,,29.96,
506.013,112.78,81.21,62.0,85.0,,29.96,
506.169,112.79,81.29,62.0,85.0,78.67,29.98,59.95
506.169,112.79,81.29,62.0,85.0,78.67,29.98,59.95
506.169,112.79,81.29,62.0,85.0,78.67,29.98,59.95
506.169,112.79,81.29,62.0,85.0,78.67,29.98,59.95
506.169,112.79,81.29,62.0,85.0,78.67,29.98,59.95
506.169,112.79,81.29,62.0,85.0,78.67,29.98,59.95
506.169,112.79,81.29,62.0,85.0,78.67,29.98,59.95
506.314,112.79,81.37,62.0,85.0,,29.99,
506.314,112.79,81.37,62.0,85.0,,29.99,
506.314,112.79,81.37,62.0,85.0,,29.99,
506.314,112.79,81.37,62.0,85.0,,29.99,
506.314,112.79,81.37,62.0,85.0,,29.99,
506.465,112.79,81.45,62.0,85.0,,30.0,
506.465,112.79,81.45,62.0,85.0,,30.0,
506.465,112.79,81.45,62.0,85.0,,30.0,
506.465,112.79,81.45,62.0,85.0,,30.0,
506.465,112.79,81.45,62.0,85.0,,30.0,
506.619,112.79,81.54,62.0,85.0,,30.02,
506.619,112.79,81.54,62.0,85.0,,30.02,
506.619,112.79,81.54,62.0,85.0,,30.02,
506.619,112.79,81.54,62.0,85.0,,30.02,
506.619,112.79,81.54,62.0,85.0,,30.02,
506.764,112.83,81.62,62.0,85.0,78.88,30.03,60.17
506.764,112.83,81.62,62.0,85.0,78.88,30.03,60.17
506.764,112.83,81.62,62.0,85.0,78.88,30.03,60.17
506.764,112.83,81.62,62.0,85.0,78.88,30.03,60.17
506.764,112.83,81.62,62.0,85.0,78.88,30.03,60.17
506.764,112.83,81.62,62.0,85.0,78.88,30.03,60.17
506.764,112.83,81.62,62.0,85.0,78.88,30.03,60.17
506.914,112.84,81.7,62.0,85.0,,30.05,
506.914,112.84,81.7,62.0,85.0,,30.05,
506.914,112.84,81.7,62.0,85.0,,30.05,
506.914,112.84,81.7,62.0,85.0,,30.05,
506.914,112.84,81.7,62.0,85.0,,30.05,
507.069,112.84,81.78,62.0,85.0,,30.06,
507.069,112.84,81.78,62.0,85.0,,30.06,
507.069,112.84,81.78,62.0,85.0,,30.06,
507.069,112.84,81.78,62.0,85.0,,30.06,
507.069,112.84,81.78,62.0,85.0,,30.06,
507.215,112.83,81.86,62.0,85.0,,30.08,
507.215,112.83,81.86,62.0,85.0,,30.08,
507.215,112.83,81.86,62.0,85.0,,30.08,
507.215,112.83,81.86,62.0,85.0,,30.08,
507.215,112.83,81.86,62.0,85.0,,30.08,
507.364,112.85,81.94,62.0,85.0,79.04,30.08,60.33
507.364,112.85,81.94,62.0,85.0,79.04,30.08,60.33
507.364,112.85,81.94,62.0,85.0,79.04,30.08,60.33
507.364,112.85,81.94,62.0,85.0,79.04,30.08,60.33
507.364,112.85,81.94,62.0,85.0,79.04,30.08,60.33
507.364,112.85,81.94,62.0,85.0,79.04,30.08,60.33
507.364,112.85,81.94,62.0,85.0,79.04,30.08,60.33
507.519,112.85,82.02,62.0,85.0,,30.1,
507.519,112.85,82.02,62.0,85.0,,30.1,
507.519,112.85,82.02,62.0,85.0,,30.1,
507.519,112.85,82.02,62.0,85.0,,30.1,
507.519,112.85,82.02,62.0,85.0,,30.1,
507.665,112.85,82.1,62.0,85.0,,30.11,
507.665,112.85,82.1,62.0,85.0,,30.11,
507.665,112.85,82.1,62.0,85.0,,30.11,
507.665,112.85,82.1,62.0,85.0,,30.11,
507.665,112.85,82.1,62.0,85.0,,30.11,
507.815,112.86,82.18,62.0,85.0,,30.12,
507.815,112.86,82.18,62.0,85.0,,30.12,
507.815,112.86,82.18,62.0,85.0,,30.12,
507.815,112.86,82.18,62.0,85.0,,30.12,
507.815,112.86,82.18,62.0,85.0,,30.12,
507.969,112.84,82.26,62.0,85.0,,30.14,
507.969,112.84,82.26,62.0,85.0,,30.14,
507.969,112.84,82.26,62.0,85.0,,30.14,
507.969,112.84,82.26,62.0,85.0,,30.14,
507.969,112.84,82.26,62.0,85.0,,30.14,
508.033,,,,,79.42,,60.85
508.033,,,,,79.42,,60.85
508.115,112.83,82.34,62.0,85.0,,30.16,
508.115,112.83,82.34,62.0,85.0,,30.16,
508.115,112.83,82.34,62.0,85.0,,30.16,
508.115,112.83,82.34,62.0,85.0,,30.16,
508.115,112.83,82.34,62.0,85.0,,30.16,
508.265,112.85,82.41,62.0,85.0,,30.17,
508.265,112.85,82.41,62.0,85.0,,30.17,
508.265,112.85,82.41,62.0,85.0,,30.17,
508.265,112.85,82.41,62.0,85.0,,30.17,
508.265,112.85,82.41,62.0,85.0,,30.17,
508.42,112.88,82.49,62.0,85.0,,30.18,
508.42,112.88,82.49,62.0,85.0,,30.18,
508.42,112.88,82.49,62.0,85.0,,30.18,
508.42,112.88,82.49,62.0,85.0,,30.18,
508.42,112.88,82.49,62.0,85.0,,30.18,
508.566,112.88,82.57,62.0,85.0,79.54,30.2,60.99
508.566,112.88,82.57,62.0,85.0,79.54,30.2,60.99
508.566,112.88,82.57,62.0,85.0,79.54,30.2,60.99
508.566,112.88,82.57,62.0,85.0,79.54,30.2,60.99
508.566,112.88,82.57,62.0,85.0,79.54,30.2,60.99
508.566,112.88,82.57,62.0,85.0,79.54,30.2,60.99
508.566,112.88,82.57,62.0,85.0,79.54,30.2,60.99
508.716,112.89,82.65,62.0,85.0,,30.22,
508.716,112.89,82.65,62.0,85.0,,30.22,
508.716,112.89,82.65,62.0,85.0,,30.22,
508.716,112.89,82.65,62.0,85.0,,30.22,
508.716,112.89,82.65,62.0,85.0,,30.22,
508.87,112.91,82.73,62.0,85.0,,30.23,
508.87,112.91,82.73,62.0,85.0,,30.23,
508.87,112.91,82.73,62.0,85.0,,30.23,
508.87,112.91,82.73,62.0,85.0,,30.23,
508.87,112.91,82.73,62.0,85.0,,30.23,
509.016,112.9,82.8,62.0,85.0,,30.24,
509.016,112.9,82.8,62.0,85.0,,30.24,
509.016,112.9,82.8,62.0,85.0,,30.24,
509.016,112.9,82.8,62.0,85.0,,30.24,
509.016,112.9,82.8,62.0,85.0,,30.24,
509.166,112.91,82.88,62.0,85.0,79.96,30.26,61.42
509.166,112.91,82.88,62.0,85.0,79.96,30.26,61.42
509.166,112.91,82.88,62.0,85.0,79.96,30.26,61.42
509.166,112.91,82.88,62.0,85.0,79.96,30.26,61.42
509.166,112.91,82.88,62.0,85.0,79.96,30.26,61.42
509.166,112.91,82.88,62.0,85.0,79.96,30.26,61.42
509.166,112.91,82.88,62.0,85.0,79.96,30.26,61.42
509.32,112.93,82.96,62.0,85.0,,30.27,
509.32,112.93,82.96,62.0,85.0,,30.27,
509.32,112.93,82.96,62.0,85.0,,30.27,
509.32,112.93,82.96,62.0,85.0,,30.27,
509.32,112.93,82.96,62.0,85.0,,30.27,
509.466,112.91,83.03,62.0,85.0,,30.28,
509.466,112.91,83.03,62.0,85.0,,30.28,
509.466,112.91,83.03,62.0,85.0,,30.28,
509.466,112.91,83.03,62.0,85.0,,30.28,
509.466,112.91,83.03,62.0,85.0,,30.28,
509.616,112.91,83.11,62.0,85.0,,30.29,
509.616,112.91,83.11,62.0,85.0,,30.29,
509.616,112.91,83.11,62.0,85.0,,30.29,
509.616,112.91,83.11,62.0,85.0,,30.29,
509.616,112.91,83.11,62.0,85.0,,30.29,
509.77,112.92,83.18,62.0,85.0,80.12,30.3,61.6
509.77,112.92,83.18,62.0,85.0,80.12,30.3,61.6
509.77,112.92,83.18,62.0,85.0,80.12,30.3,61.6
509.77,112.92,83.18,62.0,85.0,80.12,30.3,61.6
509.77,112.92,83.18,62.0,85.0,80.12,30.3,61.6
509.77,112.92,83.18,62.0,85.0,80.12,30.3,61.6
509.77,112.92,83.18,62.0,85.0,80.12,30.3,61.6
509.916,112.95,83.26,62.0,85.0,,30.33,
509.916,112.95,83.26,62.0,85.0,,30.33,
509.916,112.95,83.26,62.0,85.0,,30.33,
509.916,112.95,83.26,62.0,85.0,,30.33,
509.916,112.95,83.26,62.0,85.0,,30.33,
510.066,112.94,83.34,62.0,85.0,,30.34,
510.066,112.94,83.34,62.0,85.0,,30.34,
510.066,112.94,83.34,62.0,85.0,,30.34,
510.066,112.94,83.34,62.0,85.0,,30.34,
510.066,112.94,83.34,62.0,85.0,,30.34,
510.221,112.94,83.41,62.0,85.0,,30.35,
510.221,112.94,83.41,62.0,85.0,,30.35,
510.221,112.94,83.41,62.0,85.0,,30.35,
510.221,112.94,83.41,62.0,85.0,,30.35,
510.221,112.94,83.41,62.0,85.0,,30.35,
510.368,112.94,83.49,62.0,85.0,80.55,30.37,61.98
510.368,112.94,83.49,62.0,85.0,80.55,30.37,61.98
510.368,112.94,83.49,62.0,85.0,80.55,30.37,61.98
510.368,112.94,83.49,62.0,85.0,80.55,30.37,61.98
510.368,112.94,83.49,62.0,85.0,80.55,30.37,61.98
510.368,112.94,83.49,62.0,85.0,80.55,30.37,61.98
510.368,112.94,83.49,62.0,85.0,80.55,30.37,61.98
510.517,112.92,83.56,62.0,85.0,,30.37,
510.517,112.92,83.56,62.0,85.0,,30.37,
510.517,112.92,83.56,62.0,85.0,,30.37,
510.517,112.92,83.56,62.0,85.0,,30.37,
510.517,112.92,83.56,62.0,85.0,,30.37,
510.706,112.92,83.64,62.0,85.0,,30.38,
510.706,112.92,83.64,62.0,85.0,,30.38,
510.706,112.92,83.64,62.0,85.0,,30.38,
510.706,112.92,83.64,62.0,85.0,,30.38,
510.706,112.92,83.64,62.0,85.0,,30.38,
510.867,112.92,83.71,62.0,85.0,,30.4,
510.867,112.92,83.71,62.0,85.0,,30.4,
510.867,112.92,83.71,62.0,85.0,,30.4,
510.867,112.92,83.71,62.0,85.0,,30.4,
510.867,112.92,83.71,62.0,85.0,,30.4,
511.017,112.92,83.78,62.0,85.0,80.72,30.41,62.17
511.017,112.92,83.78,62.0,85.0,80.72,30.41,62.17
511.017,112.92,83.78,62.0,85.0,80.72,30.41,62.17
511.017,112.92,83.78,62.0,85.0,80.72,30.41,62.17
511.017,112.92,83.78,62.0,85.0,80.72,30.41,62.17
511.017,112.92,83.78,62.0,85.0,80.72,30.41,62.17
511.017,112.92,83.78,62.0,85.0,80.72,30.41,62.17
511.17,112.92,83.86,62.0,85.0,,30.43,
511.17,112.92,83.86,62.0,85.0,,30.43,
511.17,112.92,83.86,62.0,85.0,,30.43,
511.17,112.92,83.86,62.0,85.0,,30.43,
511.17,112.92,83.86,62.0,85.0,,30.43,
511.318,112.93,83.93,62.0,85.0,,30.44,
511.318,112.93,83.93,62.0,85.0,,30.44,
511.318,112.93,83.93,62.0,85.0,,30.44,
511.318,112.93,83.93,62.0,85.0,,30.44,
511.318,112.93,83.93,62.0,85.0,,30.44,
511.469,112.92,84.0,62.0,85.0,,30.45,
511.469,112.92,84.0,62.0,85.0,,30.45,
511.469,112.92,84.0,62.0,85.0,,30.45,
511.469,112.92,84.0,62.0,85.0,,30.45,
511.469,112.92,84.0,62.0,85.0,,30.45,
511.621,112.93,84.08,62.0,85.0,80.99,30.47,62.59
511.621,112.93,84.08,62.0,85.0,80.99,30.47,62.59
511.621,112.93,84.08,62.0,85.0,80.99,30.47,62.59
511.621,112.93,84.08,62.0,85.0,80.99,30.47,62.59
511.621,112.93,84.08,62.0,85.0,80.99,30.47,62.59
511.621,112.93,84.08,62.0,85.0,80.99,30.47,62.59
511.621,112.93,84.08,62.0,85.0,80.99,30.47,62.59
511.769,112.93,84.15,62.0,85.0,,30.48,
511.769,112.93,84.15,62.0,85.0,,30.48,
511.769,112.93,84.15,62.0,85.0,,30.48,
511.769,112.93,84.15,62.0,85.0,,30.48,
511.769,112.93,84.15,62.0,85.0,,30.48,
511.919,112.94,84.22,62.0,85.0,,30.49,
511.919,112.94,84.22,62.0,85.0,,30.49,
511.919,112.94,84.22,62.0,85.0,,30.49,
511.919,112.94,84.22,62.0,85.0,,30.49,
511.919,112.94,84.22,62.0,85.0,,30.49,
512.072,112.95,84.29,62.0,85.0,81.13,30.51,62.78
512.072,112.95,84.29,62.0,85.0,81.13,30.51,62.78
512.072,112.95,84.29,62.0,85.0,81.13,30.51,62.78
512.072,112.95,84.29,62.0,85.0,81.13,30.51,62.78
512.072,112.95,84.29,62.0,85.0,81.13,30.51,62.78
512.072,112.95,84.29,62.0,85.0,81.13,30.51,62.78
512.072,112.95,84.29,62.0,85.0,81.13,30.51,62.78
512.22,112.97,84.36,62.0,85.0,,30.52,
512.22,112.97,84.36,62.0,85.0,,30.52,
512.22,112.97,84.36,62.0,85.0,,30.52,
512.22,112.97,84.36,62.0,85.0,,30.52,
512.22,112.97,84.36,62.0,85.0,,30.52,
512.371,112.94,84.44,62.0,85.0,,30.53,
512.371,112.94,84.44,62.0,85.0,,30.53,
512.371,112.94,84.44,62.0,85.0,,30.53,
512.371,112.94,84.44,62.0,85.0,,30.53,
512.371,112.94,84.44,62.0,85.0,,30.53,
512.524,112.94,84.51,62.0,85.0,,30.54,
512.524,112.94,84.51,62.0,85.0,,30.54,
512.524,112.94,84.51,62.0,85.0,,30.54,
512.524,112.94,84.51,62.0,85.0,,30.54,
512.524,112.94,84.51,62.0,85.0,,30.54,
512.672,112.97,84.58,62.0,85.0,81.57,30.56,63.18
512.672,112.97,84.58,62.0,85.0,81.57,30.56,63.18
512.672,112.97,84.58,62.0,85.0,81.57,30.56,63.18
512.672,112.97,84.58,62.0,85.0,81.57,30.56,63.18
512.672,112.97,84.58,62.0,85.0,81.57,30.56,63.18
512.672,112.97,84.58,62.0,85.0,81.57,30.56,63.18
512.672,112.97,84.58,62.0,85.0,81.57,30.56,63.18
512.822,112.99,84.65,62.0,85.0,,30.58,
512.822,112.99,84.65,62.0,85.0,,30.58,
512.822,112.99,84.65,62.0,85.0,,30.58,
512.822,112.99,84.65,62.0,85.0,,30.58,
512.822,112.99,84.65,62.0,85.0,,30.58,
512.975,112.91,84.72,62.0,85.0,,30.59,
512.975,112.91,84.72,62.0,85.0,,30.59,
512.975,112.91,84.72,62.0,85.0,,30.59,
512.975,112.91,84.72,62.0,85.0,,30.59,
512.975,112.91,84.72,62.0,85.0,,30.59,
513.123,112.62,84.79,62.0,85.0,,30.61,
513.123,112.62,84.79,62.0,85.0,,30.61,
513.123,112.62,84.79,62.0,85.0,,30.61,
513.123,112.62,84.79,62.0,85.0,,30.61,
513.123,112.62,84.79,62.0,85.0,,30.61,
513.277,112.03,84.86,62.0,85.0,81.74,30.66,63.43
513.277,112.03,84.86,62.0,85.0,81.74,30.66,63.43
513.277,112.03,84.86,62.0,85.0,81.74,30.66,63.43
513.277,112.03,84.86,62.0,85.0,81.74,30.66,63.43
513.277,112.03,84.86,62.0,85.0,81.74,30.66,63.43
513.277,112.03,84.86,62.0,85.0,81.74,30.66,63.43
513.277,112.03,84.86,62.0,85.0,81.74,30.66,63.43
513.429,110.88,84.92,62.0,85.0,,30.76,
513.429,110.88,84.92,62.0,85.0,,30.76,
513.429,110.88,84.92,62.0,85.0,,30.76,
513.429,110.88,84.92,62.0,85.0,,30.76,
513.429,110.88,84.92,62.0,85.0,,30.76,
513.577,109.83,84.98,62.0,85.0,,30.87,
513.577,109.83,84.98,62.0,85.0,,30.87,
513.577,109.83,84.98,62.0,85.0,,30.87,
513.577,109.83,84.98,62.0,85.0,,30.87,
513.577,109.83,84.98,62.0,85.0,,30.87,
513.727,108.71,85.03,62.0,85.0,,31.03,
513.727,108.71,85.03,62.0,85.0,,31.03,
513.727,108.71,85.03,62.0,85.0,,31.03,
513.727,108.71,85.03,62.0,85.0,,31.03,
513.727,108.71,85.03,62.0,85.0,,31.03,
513.882,107.49,85.08,62.0,85.0,82.05,31.22,63.71
513.882,107.49,85.08,62.0,85.0,82.05,31.22,63.71
513.882,107.49,85.08,62.0,85.0,82.05,31.22,63.71
513.882,107.49,85.08,62.0,85.0,82.05,31.22,63.71
513.882,107.49,85.08,62.0,85.0,82.05,31.22,63.71
513.882,107.49,85.08,62.0,85.0,82.05,31.22,63.71
513.882,107.49,85.08,62.0,85.0,82.05,31.22,63.71
514.028,105.81,85.13,62.0,85.0,,31.48,
514.028,105.81,85.13,62.0,85.0,,31.48,
514.028,105.81,85.13,62.0,85.0,,31.48,
514.028,105.81,85.13,62.0,85.0,,31.48,
514.028,105.81,85.13,62.0,85.0,,31.48,
514.178,104.57,85.17,62.0,85.0,,31.72,
514.178,104.57,85.17,62.0,85.0,,31.72,
514.178,104.57,85.17,62.0,85.0,,31.72,
514.178,104.57,85.17,62.0,85.0,,31.72,
514.178,104.57,85.17,62.0,85.0,,31.72,
514.333,103.32,85.2,62.0,85.0,,31.96,
514.333,103.32,85.2,62.0,85.0,,31.96,
514.333,103.32,85.2,62.0,85.0,,31.96,
514.333,103.32,85.2,62.0,85.0,,31.96,
514.333,103.32,85.2,62.0,85.0,,31.96,
514.479,101.66,85.23,62.0,85.0,,32.3,
514.479,101.66,85.23,62.0,85.0,,32.3,
514.479,101.66,85.23,62.0,85.0,,32.3,
514.479,101.66,85.23,62.0,85.0,,32.3,
514.479,101.66,85.23,62.0,85.0,,32.3,
514.578,,,,,82.19,,63.88
514.578,,,,,82.19,,63.88
514.63,100.42,85.25,85.0,85.0,,32.57,
514.63,100.42,85.25,85.0,85.0,,32.57,
514.63,100.42,85.25,85.0,85.0,,32.57,
514.63,100.42,85.25,85.0,85.0,,32.57,
514.63,100.42,85.25,85.0,85.0,,32.57,
514.778,99.19,85.27,85.0,85.0,,32.84,
514.778,99.19,85.27,85.0,85.0,,32.84,
514.778,99.19,85.27,85.0,85.0,,32.84,
514.778,99.19,85.27,85.0,85.0,,32.84,
514.778,99.19,85.27,85.0,85.0,,32.84,
514.925,97.61,85.29,85.0,85.0,,33.23,
514.925,97.61,85.29,85.0,85.0,,33.23,
514.925,97.61,85.29,85.0,85.0,,33.23,
514.925,97.61,85.29,85.0,85.0,,33.23,
514.925,97.61,85.29,85.0,85.0,,33.23,
515.075,96.48,85.3,85.0,85.0,82.57,33.51,64.26
515.075,96.48,85.3,85.0,85.0,82.57,33.51,64.26
515.075,96.48,85.3,85.0,85.0,82.57,33.51,64.26
515.075,96.48,85.3,85.0,85.0,82.57,33.51,64.26
515.075,96.48,85.3,85.0,85.0,82.57,33.51,64.26
515.075,96.48,85.3,85.0,85.0,82.57,33.51,64.26
515.075,96.48,85.3,85.0,85.0,82.57,33.51,64.26
515.23,95.44,85.3,85.0,85.0,,33.78,
515.23,95.44,85.3,85.0,85.0,,33.78,
515.23,95.44,85.3,85.0,85.0,,33.78,
515.23,95.44,85.3,85.0,85.0,,33.78,
515.23,95.44,85.3,85.0,85.0,,33.78,
515.376,94.18,85.3,85.0,85.0,,34.11,
515.376,94.18,85.3,85.0,85.0,,34.11,
515.376,94.18,85.3,85.0,85.0,,34.11,
515.376,94.18,85.3,85.0,85.0,,34.11,
515.376,94.18,85.3,85.0,85.0,,34.11,
515.525,93.33,85.3,85.0,85.0,,34.34,
515.525,93.33,85.3,85.0,85.0,,34.34,
515.525,93.33,85.3,85.0,85.0,,34.34,
515.525,93.33,85.3,85.0,85.0,,34.34,
515.525,93.33,85.3,85.0,85.0,,34.34,
515.68,92.55,85.29,85.0,85.0,82.54,34.55,64.38
515.68,92.55,85.29,85.0,85.0,82.54,34.55,64.38
515.68,92.55,85.29,85.0,85.0,82.54,34.55,64.38
515.68,92.55,85.29,85.0,85.0,82.54,34.55,64.38
515.68,92.55,85.29,85.0,85.0,82.54,34.55,64.38
515.68,92.55,85.29,85.0,85.0,82.54,34.55,64.38
515.68,92.55,85.29,85.0,85.0,82.54,34.55,64.38
515.825,91.68,85.29,85.0,85.0,,34.79,
515.825,91.68,85.29,85.0,85.0,,34.79,
515.825,91.68,85.29,85.0,85.0,,34.79,
515.825,91.68,85.29,85.0,85.0,,34.79,
515.825,91.68,85.29,85.0,85.0,,34.79,
515.976,91.12,85.27,85.0,85.0,,34.92,
515.976,91.12,85.27,85.0,85.0,,34.92,
515.976,91.12,85.27,85.0,85.0,,34.92,
515.976,91.12,85.27,85.0,85.0,,34.92,
515.976,91.12,85.27,85.0,85.0,,34.92,
516.13,90.64,85.26,85.0,85.0,,35.05,
516.13,90.64,85.26,85.0,85.0,,35.05,
516.13,90.64,85.26,85.0,85.0,,35.05,
516.13,90.64,85.26,85.0,85.0,,35.05,
516.13,90.64,85.26,85.0,85.0,,35.05,
516.275,90.16,85.25,85.0,85.0,82.63,35.2,64.72
516.275,90.16,85.25,85.0,85.0,82.63,35.2,64.72
516.275,90.16,85.25,85.0,85.0,82.63,35.2,64.72
516.275,90.16,85.25,85.0,85.0,82.63,35.2,64.72
516.275,90.16,85.25,85.0,85.0,82.63,35.2,64.72
516.275,90.16,85.25,85.0,85.0,82.63,35.2,64.72
516.275,90.16,85.25,85.0,85.0,82.63,35.2,64.72
516.425,89.86,85.23,85.0,85.0,,35.29,
516.425,89.86,85.23,85.0,85.0,,35.29,
516.425,89.86,85.23,85.0,85.0,,35.29,
516.425,89.86,85.23,85.0,85.0,,35.29,
516.425,89.86,85.23,85.0,85.0,,35.29,
516.58,89.6,85.22,85.0,85.0,,35.36,
516.58,89.6,85.22,85.0,85.0,,35.36,
516.58,89.6,85.22,85.0,85.0,,35.36,
516.58,89.6,85.22,85.0,85.0,,35.36,
516.58,89.6,85.22,85.0,85.0,,35.36,
516.733,89.32,85.2,85.0,85.0,,35.42,
516.733,89.32,85.2,85.0,85.0,,35.42,
516.733,89.32,85.2,85.0,85.0,,35.42,
516.733,89.32,85.2,85.0,85.0,,35.42,
516.733,89.32,85.2,85.0,85.0,,35.42,
516.875,89.17,85.18,85.0,85.0,82.66,35.46,64.85
516.875,89.17,85.18,85.0,85.0,82.66,35.46,64.85
516.875,89.17,85.18,85.0,85.0,82.66,35.46,64.85
516.875,89.17,85.18,85.0,85.0,82.66,35.46,64.85
516.875,89.17,85.18,85.0,85.0,82.66,35.46,64.85
516.875,89.17,85.18,85.0,85.0,82.66,35.46,64.85
516.875,89.17,85.18,85.0,85.0,82.66,35.46,64.85
517.03,89.07,85.16,85.0,85.0,,35.49,
517.03,89.07,85.16,85.0,85.0,,35.49,
517.03,89.07,85.16,85.0,85.0,,35.49,
517.03,89.07,85.16,85.0,85.0,,35.49,
517.03,89.07,85.16,85.0,85.0,,35.49,
517.175,89.01,85.15,85.0,85.0,,35.52,
517.175,89.01,85.15,85.0,85.0,,35.52,
517.175,89.01,85.15,85.0,85.0,,35.52,
517.175,89.01,85.15,85.0,85.0,,35.52,
517.175,89.01,85.15,85.0,85.0,,35.52,
517.325,89.01,85.13,85.0,85.0,,35.53,
517.325,89.01,85.13,85.0,85.0,,35.53,
517.325,89.01,85.13,85.0,85.0,,35.53,
517.325,89.01,85.13,85.0,85.0,,35.53,
517.325,89.01,85.13,85.0,85.0,,35.53,
517.48,89.05,85.11,85.0,85.0,82.71,35.54,65.14
517.48,89.05,85.11,85.0,85.0,82.71,35.54,65.14
517.48,89.05,85.11,85.0,85.0,82.71,35.54,65.14
517.48,89.05,85.11,85.0,85.0,82.71,35.54,65.14
517.48,89.05,85.11,85.0,85.0,82.71,35.54,65.14
517.48,89.05,85.11,85.0,85.0,82.71,35.54,65.14
517.48,89.05,85.11,85.0,85.0,82.71,35.54,65.14
517.625,89.16,85.09,85.0,85.0,,35.54,
517.625,89.16,85.09,85.0,85.0,,35.54,
517.625,89.16,85.09,85.0,85.0,,35.54,
517.625,89.16,85.09,85.0,85.0,,35.54,
517.625,89.16,85.09,85.0,85.0,,35.54,
517.775,89.28,85.07,85.0,85.0,,35.54,
517.775,89.28,85.07,85.0,85.0,,35.54,
517.775,89.28,85.07,85.0,85.0,,35.54,
517.775,89.28,85.07,85.0,85.0,,35.54,
517.775,89.28,85.07,85.0,85.0,,35.54,
517.93,89.45,85.06,85.0,85.0,,35.53,
517.93,89.45,85.06,85.0,85.0,,35.53,
517.93,89.45,85.06,85.0,85.0,,35.53,
517.93,89.45,85.06,85.0,85.0,,35.53,
517.93,89.45,85.06,85.0,85.0,,35.53,
518.075,89.71,85.04,85.0,85.0,,35.51,
518.075,89.71,85.04,85.0,85.0,,35.51,
518.075,89.71,85.04,85.0,85.0,,35.51,
518.075,89.71,85.04,85.0,85.0,,35.51,
518.075,89.71,85.04,85.0,85.0,,35.51,
518.169,,,,,82.58,,65.27
518.169,,,,,82.58,,65.27
518.226,89.92,85.03,85.0,85.0,,35.5,
518.226,89.92,85.03,85.0,85.0,,35.5,
518.226,89.92,85.03,85.0,85.0,,35.5,
518.226,89.92,85.03,85.0,85.0,,35.5,
518.226,89.92,85.03,85.0,85.0,,35.5,
518.38,90.14,85.01,85.0,85.0,,35.48,
518.38,90.14,85.01,85.0,85.0,,35.48,
518.38,90.14,85.01,85.0,85.0,,35.48,
518.38,90.14,85.01,85.0,85.0,,35.48,
518.38,90.14,85.01,85.0,85.0,,35.48,
518.526,90.47,85.0,85.0,85.0,,35.46,
518.526,90.47,85.0,85.0,85.0,,35.46,
518.526,90.47,85.0,85.0,85.0,,35.46,
518.526,90.47,85.0,85.0,85.0,,35.46,
518.526,90.47,85.0,85.0,85.0,,35.46,
518.675,90.74,84.99,85.0,85.0,82.59,35.44,65.56
518.675,90.74,84.99,85.0,85.0,82.59,35.44,65.56
518.675,90.74,84.99,85.0,85.0,82.59,35.44,65.56
518.675,90.74,84.99,85.0,85.0,82.59,35.44,65.56
518.675,90.74,84.99,85.0,85.0,82.59,35.44,65.56
518.675,90.74,84.99,85.0,85.0,82.59,35.44,65.56
518.675,90.74,84.99,85.0,85.0,82.59,35.44,65.56
518.83,91.05,84.98,85.0,85.0,,35.43,
518.83,91.05,84.98,85.0,85.0,,35.43,
518.83,91.05,84.98,85.0,85.0,,35.43,
518.83,91.05,84.98,85.0,85.0,,35.43,
518.83,91.05,84.98,85.0,85.0,,35.43,
518.975,91.43,84.97,85.0,85.0,,35.4,
518.975,91.43,84.97,85.0,85.0,,35.4,
518.975,91.43,84.97,85.0,85.0,,35.4,
518.975,91.43,84.97,85.0,85.0,,35.4,
518.975,91.43,84.97,85.0,85.0,,35.4,
519.126,91.71,84.96,85.0,85.0,,35.38,
519.126,91.71,84.96,85.0,85.0,,35.38,
519.126,91.71,84.96,85.0,85.0,,35.38,
519.126,91.71,84.96,85.0,85.0,,35.38,
519.126,91.71,84.96,85.0,85.0,,35.38,
519.28,91.98,84.95,85.0,85.0,,35.35,
519.28,91.98,84.95,85.0,85.0,,35.35,
519.28,91.98,84.95,85.0,85.0,,35.35,
519.28,91.98,84.95,85.0,85.0,,35.35,
519.28,91.98,84.95,85.0,85.0,,35.35,
519.288,,,,,82.48,,65.64
519.288,,,,,82.48,,65.64
519.426,92.33,84.95,85.0,85.0,,35.31,
519.426,92.33,84.95,85.0,85.0,,35.31,
519.426,92.33,84.95,85.0,85.0,,35.31,
519.426,92.33,84.95,85.0,85.0,,35.31,
519.426,92.33,84.95,85.0,85.0,,35.31,
519.575,92.61,84.94,85.0,85.0,,35.29,
519.575,92.61,84.94,85.0,85.0,,35.29,
519.575,92.61,84.94,85.0,85.0,,35.29,
519.575,92.61,84.94,85.0,85.0,,35.29,
519.575,92.61,84.94,85.0,85.0,,35.29,
519.73,92.85,84.94,85.0,85.0,,35.27,
519.73,92.85,84.94,85.0,85.0,,35.27,
519.73,92.85,84.94,85.0,85.0,,35.27,
519.73,92.85,84.94,85.0,85.0,,35.27,
519.73,92.85,84.94,85.0,85.0,,35.27,
519.914,93.11,84.93,85.0,85.0,82.38,35.25,65.93
519.914,93.11,84.93,85.0,85.0,82.38,35.25,65.93
519.914,93.11,84.93,85.0,85.0,82.38,35.25,65.93
519.914,93.11,84.93,85.0,85.0,82.38,35.25,65.93
519.914,93.11,84.93,85.0,85.0,82.38,35.25,65.93
519.914,93.11,84.93,85.0,85.0,82.38,35.25,65.93
519.914,93.11,84.93,85.0,85.0,82.38,35.25,65.93
520.061,93.46,84.93,85.0,85.0,,35.21,
520.061,93.46,84.93,85.0,85.0,,35.21,
520.061,93.46,84.93,85.0,85.0,,35.21,
520.061,93.46,84.93,85.0,85.0,,35.21,
520.061,93.46,84.93,85.0,85.0,,35.21,
520.211,93.66,84.93,85.0,85.0,,35.19,
520.211,93.66,84.93,85.0,85.0,,35.19,
520.211,93.66,84.93,85.0,85.0,,35.19,
520.211,93.66,84.93,85.0,85.0,,35.19,
520.211,93.66,84.93,85.0,85.0,,35.19,
520.366,93.84,84.93,85.0,85.0,,35.17,
520.366,93.84,84.93,85.0,85.0,,35.17,
520.366,93.84,84.93,85.0,85.0,,35.17,
520.366,93.84,84.93,85.0,85.0,,35.17,
520.366,93.84,84.93,85.0,85.0,,35.17,
520.511,94.07,84.93,85.0,85.0,82.39,35.15,66.09
520.511,94.07,84.93,85.0,85.0,82.39,35.15,66.09
520.511,94.07,84.93,85.0,85.0,82.39,35.15,66.09
520.511,94.07,84.93,85.0,85.0,82.39,35.15,66.09
520.511,94.07,84.93,85.0,85.0,82.39,35.15,66.09
520.511,94.07,84.93,85.0,85.0,82.39,35.15,66.09
520.511,94.07,84.93,85.0,85.0,82.39,35.15,66.09
520.661,94.24,84.93,85.0,85.0,,35.14,
520.661,94.24,84.93,85.0,85.0,,35.14,
520.661,94.24,84.93,85.0,85.0,,35.14,
520.661,94.24,84.93,85.0,85.0,,35.14,
520.661,94.24,84.93,85.0,85.0,,35.14,
520.816,94.39,84.93,85.0,85.0,,35.12,
520.816,94.39,84.93,85.0,85.0,,35.12,
520.816,94.39,84.93,85.0,85.0,,35.12,
520.816,94.39,84.93,85.0,85.0,,35.12,
520.816,94.39,84.93,85.0,85.0,,35.12,
520.961,94.52,84.93,85.0,85.0,,35.09,
520.961,94.52,84.93,85.0,85.0,,35.09,
520.961,94.52,84.93,85.0,85.0,,35.09,
520.961,94.52,84.93,85.0,85.0,,35.09,
520.961,94.52,84.93,85.0,85.0,,35.09,
521.111,94.62,84.94,85.0,85.0,82.24,35.08,66.34
521.111,94.62,84.94,85.0,85.0,82.24,35.08,66.34
521.111,94.62,84.94,85.0,85.0,82.24,35.08,66.34
521.111,94.62,84.94,85.0,85.0,82.24,35.08,66.34
521.111,94.62,84.94,85.0,85.0,82.24,35.08,66.34
521.111,94.62,84.94,85.0,85.0,82.24,35.08,66.34
521.111,94.62,84.94,85.0,85.0,82.24,35.08,66.34
521.266,94.71,84.94,85.0,85.0,,35.07,
521.266,94.71,84.94,85.0,85.0,,35.07,
521.266,94.71,84.94,85.0,85.0,,35.07,
521.266,94.71,84.94,85.0,85.0,,35.07,
521.266,94.71,84.94,85.0,85.0,,35.07,
521.411,94.79,84.94,85.0,85.0,,35.06,
521.411,94.79,84.94,85.0,85.0,,35.06,
521.411,94.79,84.94,85.0,85.0,,35.06,
521.411,94.79,84.94,85.0,85.0,,35.06,
521.411,94.79,84.94,85.0,85.0,,35.06,
521.562,94.84,84.94,85.0,85.0,,35.05,
521.562,94.84,84.94,85.0,85.0,,35.05,
521.562,94.84,84.94,85.0,85.0,,35.05,
521.562,94.84,84.94,85.0,85.0,,35.05,
521.562,94.84,84.94,85.0,85.0,,35.05,
521.716,94.86,84.95,85.0,85.0,82.21,35.04,66.47
521.716,94.86,84.95,85.0,85.0,82.21,35.04,66.47
521.716,94.86,84.95,85.0,85.0,82.21,35.04,66.47
521.716,94.86,84.95,85.0,85.0,82.21,35.04,66.47
521.716,94.86,84.95,85.0,85.0,82.21,35.04,66.47
521.716,94.86,84.95,85.0,85.0,82.21,35.04,66.47
521.716,94.86,84.95,85.0,85.0,82.21,35.04,66.47
521.863,94.9,84.95,85.0,85.0,,35.03,
521.863,94.9,84.95,85.0,85.0,,35.03,
521.863,94.9,84.95,85.0,85.0,,35.03,
521.863,94.9,84.95,85.0,85.0,,35.03,
521.863,94.9,84.95,85.0,85.0,,35.03,
522.012,94.92,84.95,85.0,85.0,,35.02,
522.012,94.92,84.95,85.0,85.0,,35.02,
522.012,94.92,84.95,85.0,85.0,,35.02,
522.012,94.92,84.95,85.0,85.0,,35.02,
522.012,94.92,84.95,85.0,85.0,,35.02,
522.167,94.92,84.96,85.0,85.0,,35.01,
522.167,94.92,84.96,85.0,85.0,,35.01,
522.167,94.92,84.96,85.0,85.0,,35.01,
522.167,94.92,84.96,85.0,85.0,,35.01,
522.167,94.92,84.96,85.0,85.0,,35.01,
522.313,94.9,84.96,85.0,85.0,82.18,35.01,66.64
522.313,94.9,84.96,85.0,85.0,82.18,35.01,66.64
522.313,94.9,84.96,85.0,85.0,82.18,35.01,66.64
522.313,94.9,84.96,85.0,85.0,82.18,35.01,66.64
522.313,94.9,84.96,85.0,85.0,82.18,35.01,66.64
522.313,94.9,84.96,85.0,85.0,82.18,35.01,66.64
522.313,94.9,84.96,85.0,85.0,82.18,35.01,66.64
522.462,94.88,84.96,85.0,85.0,,35.0,
522.462,94.88,84.96,85.0,85.0,,35.0,
522.462,94.88,84.96,85.0,85.0,,35.0,
522.462,94.88,84.96,85.0,85.0,,35.0,
522.462,94.88,84.96,85.0,85.0,,35.0,
522.617,94.86,84.97,85.0,85.0,,35.0,
522.617,94.86,84.97,85.0,85.0,,35.0,
522.617,94.86,84.97,85.0,85.0,,35.0,
522.617,94.86,84.97,85.0,85.0,,35.0,
522.617,94.86,84.97,85.0,85.0,,35.0,
522.765,94.82,84.97,85.0,85.0,,35.0,
522.765,94.82,84.97,85.0,85.0,,35.0,
522.765,94.82,84.97,85.0,85.0,,35.0,
522.765,94.82,84.97,85.0,85.0,,35.0,
522.765,94.82,84.97,85.0,85.0,,35.0,
522.914,94.77,84.97,85.0,85.0,82.09,35.0,66.81
522.914,94.77,84.97,85.0,85.0,82.09,35.0,66.81
522.914,94.77,84.97,85.0,85.0,82.09,35.0,66.81
522.914,94.77,84.97,85.0,85.0,82.09,35.0,66.81
522.914,94.77,84.97,85.0,85.0,82.09,35.0,66.81
522.914,94.77,84.97,85.0,85.0,82.09,35.0,66.81
522.914,94.77,84.97,85.0,85.0,82.09,35.0,66.81
523.069,94.73,84.98,85.0,85.0,,34.99,
523.069,94.73,84.98,85.0,85.0,,34.99,
523.069,94.73,84.98,85.0,85.0,,34.99,
523.069,94.73,84.98,85.0,85.0,,34.99,
523.069,94.73,84.98,85.0,85.0,,34.99,
523.215,94.67,84.98,85.0,85.0,,35.0,
523.215,94.67,84.98,85.0,85.0,,35.0,
523.215,94.67,84.98,85.0,85.0,,35.0,
523.215,94.67,84.98,85.0,85.0,,35.0,
523.215,94.67,84.98,85.0,85.0,,35.0,
523.365,94.61,84.98,85.0,85.0,,34.99,
523.365,94.61,84.98,85.0,85.0,,34.99,
523.365,94.61,84.98,85.0,85.0,,34.99,
523.365,94.61,84.98,85.0,85.0,,34.99,
523.365,94.61,84.98,85.0,85.0,,34.99,
523.52,94.55,84.98,85.0,85.0,82.11,34.99,67.06
523.52,94.55,84.98,85.0,85.0,82.11,34.99,67.06
523.52,94.55,84.98,85.0,85.0,82.11,34.99,67.06
523.52,94.55,84.98,85.0,85.0,82.11,34.99,67.06
523.52,94.55,84.98,85.0,85.0,82.11,34.99,67.06
523.52,94.55,84.98,85.0,85.0,82.11,34.99,67.06
523.52,94.55,84.98,85.0,85.0,82.11,34.99,67.06
523.665,94.49,84.98,85.0,85.0,,34.99,
523.665,94.49,84.98,85.0,85.0,,34.99,
523.665,94.49,84.98,85.0,85.0,,34.99,
523.665,94.49,84.98,85.0,85.0,,34.99,
523.665,94.49,84.98,85.0,85.0,,34.99,
523.816,94.44,84.99,85.0,85.0,,34.99,
523.816,94.44,84.99,85.0,85.0,,34.99,
523.816,94.44,84.99,85.0,85.0,,34.99,
523.816,94.44,84.99,85.0,85.0,,34.99,
523.816,94.44,84.99,85.0,85.0,,34.99,
523.97,94.38,84.99,85.0,85.0,,34.99,
523.97,94.38,84.99,85.0,85.0,,34.99,
523.97,94.38,84.99,85.0,85.0,,34.99,
523.97,94.38,84.99,85.0,85.0,,34.99,
523.97,94.38,84.99,85.0,85.0,,34.99,
524.115,94.31,84.99,85.0,85.0,81.99,34.99,67.12
524.115,94.31,84.99,85.0,85.0,81.99,34.99,67.12
524.115,94.31,84.99,85.0,85.0,81.99,34.99,67.12
524.115,94.31,84.99,85.0,85.0,81.99,34.99,67.12
524.115,94.31,84.99,85.0,85.0,81.99,34.99,67.12
524.115,94.31,84.99,85.0,85.0,81.99,34.99,67.12
524.115,94.31,84.99,85.0,85.0,81.99,34.99,67.12
524.265,94.26,84.99,85.0,85.0,,34.99,
524.265,94.26,84.99,85.0,85.0,,34.99,
524.265,94.26,84.99,85.0,85.0,,34.99,
524.265,94.26,84.99,85.0,85.0,,34.99,
524.265,94.26,84.99,85.0,85.0,,34.99,
524.42,94.21,84.99,85.0,85.0,,34.99,
524.42,94.21,84.99,85.0,85.0,,34.99,
524.42,94.21,84.99,85.0,85.0,,34.99,
524.42,94.21,84.99,85.0,85.0,,34.99,
524.42,94.21,84.99,85.0,85.0,,34.99,
524.565,94.14,84.99,85.0,85.0,,34.99,
524.565,94.14,84.99,85.0,85.0,,34.99,
524.565,94.14,84.99,85.0,85.0,,34.99,
524.565,94.14,84.99,85.0,85.0,,34.99,
524.565,94.14,84.99,85.0,85.0,,34.99,
524.716,94.1,84.99,85.0,85.0,82.08,34.99,67.37
524.716,94.1,84.99,85.0,85.0,82.08,34.99,67.37
524.716,94.1,84.99,85.0,85.0,82.08,34.99,67.37
524.716,94.1,84.99,85.0,85.0,82.08,34.99,67.37
524.716,94.1,84.99,85.0,85.0,82.08,34.99,67.37
524.716,94.1,84.99,85.0,85.0,82.08,34.99,67.37
524.716,94.1,84.99,85.0,85.0,82.08,34.99,67.37
524.87,94.06,84.99,85.0,85.0,,34.99,
524.87,94.06,84.99,85.0,85.0,,34.99,
524.87,94.06,84.99,85.0,85.0,,34.99,
524.87,94.06,84.99,85.0,85.0,,34.99,
524.87,94.06,84.99,85.0,85.0,,34.99,
525.017,94.0,84.99,85.0,85.0,,34.98,
525.017,94.0,84.99,85.0,85.0,,34.98,
525.017,94.0,84.99,85.0,85.0,,34.98,
525.017,94.0,84.99,85.0,85.0,,34.98,
525.017,94.0,84.99,85.0,85.0,,34.98,
525.167,93.96,84.99,85.0,85.0,,34.98,
525.167,93.96,84.99,85.0,85.0,,34.98,
525.167,93.96,84.99,85.0,85.0,,34.98,
525.167,93.96,84.99,85.0,85.0,,34.98,
525.167,93.96,84.99,85.0,85.0,,34.98,
525.322,93.94,84.99,85.0,85.0,82.08,34.99,67.44
525.322,93.94,84.99,85.0,85.0,82.08,34.99,67.44
525.322,93.94,84.99,85.0,85.0,82.08,34.99,67.44
525.322,93.94,84.99,85.0,85.0,82.08,34.99,67.44
525.322,93.94,84.99,85.0,85.0,82.08,34.99,67.44
525.322,93.94,84.99,85.0,85.0,82.08,34.99,67.44
525.322,93.94,84.99,85.0,85.0,82.08,34.99,67.44
525.467,93.91,84.99,85.0,85.0,,34.98,
525.467,93.91,84.99,85.0,85.0,,34.98,
525.467,93.91,84.99,85.0,85.0,,34.98,
525.467,93.91,84.99,85.0,85.0,,34.98,
525.467,93.91,84.99,85.0,85.0,,34.98,
525.617,93.9,84.99,85.0,85.0,,34.98,
525.617,93.9,84.99,85.0,85.0,,34.98,
525.617,93.9,84.99,85.0,85.0,,34.98,
525.617,93.9,84.99,85.0,85.0,,34.98,
525.617,93.9,84.99,85.0,85.0,,34.98,
525.772,93.88,84.99,85.0,85.0,,34.98,
525.772,93.88,84.99,85.0,85.0,,34.98,
525.772,93.88,84.99,85.0,85.0,,34.98,
525.772,93.88,84.99,85.0,85.0,,34.98,
525.772,93.88,84.99,85.0,85.0,,34.98,
525.919,93.86,84.99,85.0,85.0,82.18,34.97,67.66
525.919,93.86,84.99,85.0,85.0,82.18,34.97,67.66
525.919,93.86,84.99,85.0,85.0,82.18,34.97,67.66
525.919,93.86,84.99,85.0,85.0,82.18,34.97,67.66
525.919,93.86,84.99,85.0,85.0,82.18,34.97,67.66
525.919,93.86,84.99,85.0,85.0,82.18,34.97,67.66
525.919,93.86,84.99,85.0,85.0,82.18,34.97,67.66
526.07,93.84,84.99,85.0,85.0,,34.97,
526.07,93.84,84.99,85.0,85.0,,34.97,
526.07,93.84,84.99,85.0,85.0,,34.97,
526.07,93.84,84.99,85.0,85.0,,34.97,
526.07,93.84,84.99,85.0,85.0,,34.97,
526.224,93.83,84.99,85.0,85.0,,34.96,
526.224,93.83,84.99,85.0,85.0,,34.96,
526.224,93.83,84.99,85.0,85.0,,34.96,
526.224,93.83,84.99,85.0,85.0,,34.96,
526.224,93.83,84.99,85.0,85.0,,34.96,
526.371,93.84,84.99,85.0,85.0,,34.96,
526.371,93.84,84.99,85.0,85.0,,34.96,
526.371,93.84,84.99,85.0,85.0,,34.96,
526.371,93.84,84.99,85.0,85.0,,34.96,
526.371,93.84,84.99,85.0,85.0,,34.96,
526.521,93.84,84.99,85.0,85.0,82.17,34.96,67.77
526.521,93.84,84.99,85.0,85.0,82.17,34.96,67.77
526.521,93.84,84.99,85.0,85.0,82.17,34.96,67.77
526.521,93.84,84.99,85.0,85.0,82.17,34.96,67.77
526.521,93.84,84.99,85.0,85.0,82.17,34.96,67.77
526.521,93.84,84.99,85.0,85.0,82.17,34.96,67.77
526.521,93.84,84.99,85.0,85.0,82.17,34.96,67.77
526.676,93.83,84.99,85.0,85.0,,34.95,
526.676,93.83,84.99,85.0,85.0,,34.95,
526.676,93.83,84.99,85.0,85.0,,34.95,
526.676,93.83,84.99,85.0,85.0,,34.95,
526.676,93.83,84.99,85.0,85.0,,34.95,
526.822,93.82,84.99,85.0,85.0,,34.94,
526.822,93.82,84.99,85.0,85.0,,34.94,
526.822,93.82,84.99,85.0,85.0,,34.94,
526.822,93.82,84.99,85.0,85.0,,34.94,
526.822,93.82,84.99,85.0,85.0,,34.94,
526.972,93.84,84.98,85.0,85.0,,34.94,
526.972,93.84,84.98,85.0,85.0,,34.94,
526.972,93.84,84.98,85.0,85.0,,34.94,
526.972,93.84,84.98,85.0,85.0,,34.94,
526.972,93.84,84.98,85.0,85.0,,34.94,
527.122,93.84,84.98,85.0,85.0,,34.94,
527.122,93.84,84.98,85.0,85.0,,34.94,
527.122,93.84,84.98,85.0,85.0,,34.94,
527.122,93.84,84.98,85.0,85.0,,34.94,
527.122,93.84,84.98,85.0,85.0,,34.94,
527.14,,,,,82.26,,67.94
527.14,,,,,82.26,,67.94
527.272,93.84,84.98,85.0,85.0,,34.93,
527.272,93.84,84.98,85.0,85.0,,34.93,
527.272,93.84,84.98,85.0,85.0,,34.93,
527.272,93.84,84.98,85.0,85.0,,34.93,
527.272,93.84,84.98,85.0,85.0,,34.93,
527.422,93.85,84.98,85.0,85.0,,34.92,
527.422,93.85,84.98,85.0,85.0,,34.92,
527.422,93.85,84.98,85.0,85.0,,34.92,
527.422,93.85,84.98,85.0,85.0,,34.92,
527.422,93.85,84.98,85.0,85.0,,34.92,
527.571,93.86,84.98,85.0,85.0,,34.92,
527.571,93.86,84.98,85.0,85.0,,34.92,
527.571,93.86,84.98,85.0,85.0,,34.92,
527.571,93.86,84.98,85.0,85.0,,34.92,
527.571,93.86,84.98,85.0,85.0,,34.92,
527.722,93.86,84.98,85.0,85.0,82.21,34.91,68.0
527.722,93.86,84.98,85.0,85.0,82.21,34.91,68.0
527.722,93.86,84.98,85.0,85.0,82.21,34.91,68.0
527.722,93.86,84.98,85.0,85.0,82.21,34.91,68.0
527.722,93.86,84.98,85.0,85.0,82.21,34.91,68.0
527.722,93.86,84.98,85.0,85.0,82.21,34.91,68.0
527.722,93.86,84.98,85.0,85.0,82.21,34.91,68.0
527.871,93.88,84.98,85.0,85.0,,34.91,
527.871,93.88,84.98,85.0,85.0,,34.91,
527.871,93.88,84.98,85.0,85.0,,34.91,
527.871,93.88,84.98,85.0,85.0,,34.91,
527.871,93.88,84.98,85.0,85.0,,34.91,
528.022,93.88,84.98,85.0,85.0,,34.9,
528.022,93.88,84.98,85.0,85.0,,34.9,
528.022,93.88,84.98,85.0,85.0,,34.9,
528.022,93.88,84.98,85.0,85.0,,34.9,
528.022,93.88,84.98,85.0,85.0,,34.9,
528.171,93.88,84.98,85.0,85.0,,34.9,
528.171,93.88,84.98,85.0,85.0,,34.9,
528.171,93.88,84.98,85.0,85.0,,34.9,
528.171,93.88,84.98,85.0,85.0,,34.9,
528.171,93.88,84.98,85.0,85.0,,34.9,
528.323,93.9,84.98,85.0,85.0,82.23,34.89,68.27
528.323,93.9,84.98,85.0,85.0,82.23,34.89,68.27
528.323,93.9,84.98,85.0,85.0,82.23,34.89,68.27
528.323,93.9,84.98,85.0,85.0,82.23,34.89,68.27
528.323,93.9,84.98,85.0,85.0,82.23,34.89,68.27
528.323,93.9,84.98,85.0,85.0,82.23,34.89,68.27
528.323,93.9,84.98,85.0,85.0,82.23,34.89,68.27
528.472,93.91,84.98,85.0,85.0,,34.89,
528.472,93.91,84.98,85.0,85.0,,34.89,
528.472,93.91,84.98,85.0,85.0,,34.89,
528.472,93.91,84.98,85.0,85.0,,34.89,
528.472,93.91,84.98,85.0,85.0,,34.89,
528.624,93.93,84.98,85.0,85.0,,34.88,
528.624,93.93,84.98,85.0,85.0,,34.88,
528.624,93.93,84.98,85.0,85.0,,34.88,
528.624,93.93,84.98,85.0,85.0,,34.88,
528.624,93.93,84.98,85.0,85.0,,34.88,
528.774,93.94,84.98,85.0,85.0,,34.87,
528.774,93.94,84.98,85.0,85.0,,34.87,
528.774,93.94,84.98,85.0,85.0,,34.87,
528.774,93.94,84.98,85.0,85.0,,34.87,
528.774,93.94,84.98,85.0,85.0,,34.87,
528.925,93.95,84.98,85.0,85.0,82.29,34.87,68.3
528.925,93.95,84.98,85.0,85.0,82.29,34.87,68.3
528.925,93.95,84.98,85.0,85.0,82.29,34.87,68.3
528.925,93.95,84.98,85.0,85.0,82.29,34.87,68.3
528.925,93.95,84.98,85.0,85.0,82.29,34.87,68.3
528.925,93.95,84.98,85.0,85.0,82.29,34.87,68.3
528.925,93.95,84.98,85.0,85.0,82.29,34.87,68.3
529.075,93.97,84.98,85.0,85.0,,34.86,
529.075,93.97,84.98,85.0,85.0,,34.86,
529.075,93.97,84.98,85.0,85.0,,34.86,
529.075,93.97,84.98,85.0,85.0,,34.86,
529.075,93.97,84.98,85.0,85.0,,34.86,
529.225,93.97,84.98,85.0,85.0,,34.86,
529.225,93.97,84.98,85.0,85.0,,34.86,
529.225,93.97,84.98,85.0,85.0,,34.86,
529.225,93.97,84.98,85.0,85.0,,34.86,
529.225,93.97,84.98,85.0,85.0,,34.86,
529.376,93.98,84.98,85.0,85.0,,34.85,
529.376,93.98,84.98,85.0,85.0,,34.85,
529.376,93.98,84.98,85.0,85.0,,34.85,
529.376,93.98,84.98,85.0,85.0,,34.85,
529.376,93.98,84.98,85.0,85.0,,34.85,
529.526,94.0,84.98,85.0,85.0,82.3,34.85,68.49
529.526,94.0,84.98,85.0,85.0,82.3,34.85,68.49
529.526,94.0,84.98,85.0,85.0,82.3,34.85,68.49
529.526,94.0,84.98,85.0,85.0,82.3,34.85,68.49
529.526,94.0,84.98,85.0,85.0,82.3,34.85,68.49
529.526,94.0,84.98,85.0,85.0,82.3,34.85,68.49
529.526,94.0,84.98,85.0,85.0,82.3,34.85,68.49
529.676,94.01,84.98,85.0,85.0,,34.85,
529.676,94.01,84.98,85.0,85.0,,34.85,
529.676,94.01,84.98,85.0,85.0,,34.85,
529.676,94.01,84.98,85.0,85.0,,34.85,
529.676,94.01,84.98,85.0,85.0,,34.85,
529.826,94.01,84.98,85.0,85.0,,34.84,
529.826,94.01,84.98,85.0,85.0,,34.84,
529.826,94.01,84.98,85.0,85.0,,34.84,
529.826,94.01,84.98,85.0,85.0,,34.84,
529.826,94.01,84.98,85.0,85.0,,34.84,
529.976,94.02,84.98,85.0,85.0,,34.83,
529.976,94.02,84.98,85.0,85.0,,34.83,
529.976,94.02,84.98,85.0,85.0,,34.83,
529.976,94.02,84.98,85.0,85.0,,34.83,
529.976,94.02,84.98,85.0,85.0,,34.83,
530.127,94.03,84.98,85.0,85.0,82.37,34.83,68.63
530.127,94.03,84.98,85.0,85.0,82.37,34.83,68.63
530.127,94.03,84.98,85.0,85.0,82.37,34.83,68.63
530.127,94.03,84.98,85.0,85.0,82.37,34.83,68.63
530.127,94.03,84.98,85.0,85.0,82.37,34.83,68.63
530.127,94.03,84.98,85.0,85.0,82.37,34.83,68.63
530.127,94.03,84.98,85.0,85.0,82.37,34.83,68.63
530.276,94.02,84.98,85.0,85.0,,34.82,
530.276,94.02,84.98,85.0,85.0,,34.82,
530.276,94.02,84.98,85.0,85.0,,34.82,
530.276,94.02,84.98,85.0,85.0,,34.82,
530.276,94.02,84.98,85.0,85.0,,34.82,
530.427,94.03,84.98,85.0,85.0,,34.82,
530.427,94.03,84.98,85.0,85.0,,34.82,
530.427,94.03,84.98,85.0,85.0,,34.82,
530.427,94.03,84.98,85.0,85.0,,34.82,
530.427,94.03,84.98,85.0,85.0,,34.82,
530.577,94.03,84.98,85.0,85.0,,34.81,
530.577,94.03,84.98,85.0,85.0,,34.81,
530.577,94.03,84.98,85.0,85.0,,34.81,
530.577,94.03,84.98,85.0,85.0,,34.81,
530.577,94.03,84.98,85.0,85.0,,34.81,
530.727,94.04,84.98,85.0,85.0,82.35,34.81,68.76
530.727,94.04,84.98,85.0,85.0,82.35,34.81,68.76
530.727,94.04,84.98,85.0,85.0,82.35,34.81,68.76
530.727,94.04,84.98,85.0,85.0,82.35,34.81,68.76
530.727,94.04,84.98,85.0,85.0,82.35,34.81,68.76
530.727,94.04,84.98,85.0,85.0,82.35,34.81,68.76
530.727,94.04,84.98,85.0,85.0,82.35,34.81,68.76
530.877,94.05,84.98,85.0,85.0,,34.8,
530.877,94.05,84.98,85.0,85.0,,34.8,
530.877,94.05,84.98,85.0,85.0,,34.8,
530.877,94.05,84.98,85.0,85.0,,34.8,
530.877,94.05,84.98,85.0,85.0,,34.8,
531.026,94.06,84.98,85.0,85.0,,34.8,
531.026,94.06,84.98,85.0,85.0,,34.8,
531.026,94.06,84.98,85.0,85.0,,34.8,
531.026,94.06,84.98,85.0,85.0,,34.8,
531.026,94.06,84.98,85.0,85.0,,34.8,
531.176,94.06,84.98,85.0,85.0,,34.8,
531.176,94.06,84.98,85.0,85.0,,34.8,
531.176,94.06,84.98,85.0,85.0,,34.8,
531.176,94.06,84.98,85.0,85.0,,34.8,
531.176,94.06,84.98,85.0,85.0,,34.8,
531.326,94.06,84.98,85.0,85.0,82.35,34.79,68.82
531.326,94.06,84.98,85.0,85.0,82.35,34.79,68.82
531.326,94.06,84.98,85.0,85.0,82.35,34.79,68.82
531.326,94.06,84.98,85.0,85.0,82.35,34.79,68.82
531.326,94.06,84.98,85.0,85.0,82.35,34.79,68.82
531.326,94.06,84.98,85.0,85.0,82.35,34.79,68.82
531.326,94.06,84.98,85.0,85.0,82.35,34.79,68.82
531.477,94.07,84.98,85.0,85.0,,34.79,
531.477,94.07,84.98,85.0,85.0,,34.79,
531.477,94.07,84.98,85.0,85.0,,34.79,
531.477,94.07,84.98,85.0,85.0,,34.79,
531.477,94.07,84.98,85.0,85.0,,34.79,
531.627,94.05,84.98,85.0,85.0,,34.78,
531.627,94.05,84.98,85.0,85.0,,34.78,
531.627,94.05,84.98,85.0,85.0,,34.78,
531.627,94.05,84.98,85.0,85.0,,34.78,
531.627,94.05,84.98,85.0,85.0,,34.78,
531.778,94.08,84.98,85.0,85.0,,34.78,
531.778,94.08,84.98,85.0,85.0,,34.78,
531.778,94.08,84.98,85.0,85.0,,34.78,
531.778,94.08,84.98,85.0,85.0,,34.78,
531.778,94.08,84.98,85.0,85.0,,34.78,
531.928,94.07,84.98,85.0,85.0,82.4,34.77,68.97
531.928,94.07,84.98,85.0,85.0,82.4,34.77,68.97
531.928,94.07,84.98,85.0,85.0,82.4,34.77,68.97
531.928,94.07,84.98,85.0,85.0,82.4,34.77,68.97
531.928,94.07,84.98,85.0,85.0,82.4,34.77,68.97
531.928,94.07,84.98,85.0,85.0,82.4,34.77,68.97
531.928,94.07,84.98,85.0,85.0,82.4,34.77,68.97
532.079,94.07,84.98,85.0,85.0,,34.77,
532.079,94.07,84.98,85.0,85.0,,34.77,
532.079,94.07,84.98,85.0,85.0,,34.77,
532.079,94.07,84.98,85.0,85.0,,34.77,
532.079,94.07,84.98,85.0,85.0,,34.77,
532.229,94.08,84.98,85.0,85.0,,34.76,
532.229,94.08,84.98,85.0,85.0,,34.76,
532.229,94.08,84.98,85.0,85.0,,34.76,
532.229,94.08,84.98,85.0,85.0,,34.76,
532.229,94.08,84.98,85.0,85.0,,34.76,
532.379,94.07,84.98,85.0,85.0,,34.76,
532.379,94.07,84.98,85.0,85.0,,34.76,
532.379,94.07,84.98,85.0,85.0,,34.76,
532.379,94.07,84.98,85.0,85.0,,34.76,
532.379,94.07,84.98,85.0,85.0,,34.76,
532.529,94.08,84.98,85.0,85.0,82.41,34.76,69.07
532.529,94.08,84.98,85.0,85.0,82.41,34.76,69.07
532.529,94.08,84.98,85.0,85.0,82.41,34.76,69.07
532.529,94.08,84.98,85.0,85.0,82.41,34.76,69.07
532.529,94.08,84.98,85.0,85.0,82.41,34.76,69.07
532.529,94.08,84.98,85.0,85.0,82.41,34.76,69.07
532.529,94.08,84.98,85.0,85.0,82.41,34.76,69.07
532.679,94.07,84.98,85.0,85.0,,34.75,
532.679,94.07,84.98,85.0,85.0,,34.75,
532.679,94.07,84.98,85.0,85.0,,34.75,
532.679,94.07,84.98,85.0,85.0,,34.75,
532.679,94.07,84.98,85.0,85.0,,34.75,
532.829,94.06,84.98,85.0,85.0,,34.75,
532.829,94.06,84.98,85.0,85.0,,34.75,
532.829,94.06,84.98,85.0,85.0,,34.75,
532.829,94.06,84.98,85.0,85.0,,34.75,
532.829,94.06,84.98,85.0,85.0,,34.75,
532.978,94.07,84.98,85.0,85.0,,34.74,
532.978,94.07,84.98,85.0,85.0,,34.74,
532.978,94.07,84.98,85.0,85.0,,34.74,
532.978,94.07,84.98,85.0,85.0,,34.74,
532.978,94.07,84.98,85.0,85.0,,34.74,
533.13,94.07,84.98,85.0,85.0,82.43,34.73,69.2
533.13,94.07,84.98,85.0,85.0,82.43,34.73,69.2
533.13,94.07,84.98,85.0,85.0,82.43,34.73,69.2
533.13,94.07,84.98,85.0,85.0,82.43,34.73,69.2
533.13,94.07,84.98,85.0,85.0,82.43,34.73,69.2
533.13,94.07,84.98,85.0,85.0,82.43,34.73,69.2
533.13,94.07,84.98,85.0,85.0,82.43,34.73,69.2
533.279,94.06,84.98,85.0,85.0,,34.73,
533.279,94.06,84.98,85.0,85.0,,34.73,
533.279,94.06,84.98,85.0,85.0,,34.73,
533.279,94.06,84.98,85.0,85.0,,34.73,
533.279,94.06,84.98,85.0,85.0,,34.73,
533.429,94.06,84.98,85.0,85.0,,34.73,
533.429,94.06,84.98,85.0,85.0,,34.73,
533.429,94.06,84.98,85.0,85.0,,34.73,
533.429,94.06,84.98,85.0,85.0,,34.73,
533.429,94.06,84.98,85.0,85.0,,34.73,
533.581,94.06,84.98,85.0,85.0,,34.72,
533.581,94.06,84.98,85.0,85.0,,34.72,
533.581,94.06,84.98,85.0,85.0,,34.72,
533.581,94.06,84.98,85.0,85.0,,34.72,
533.581,94.06,84.98,85.0,85.0,,34.72,
533.733,94.06,84.98,85.0,85.0,82.44,34.72,69.3
533.733,94.06,84.98,85.0,85.0,82.44,34.72,69.3
533.733,94.06,84.98,85.0,85.0,82.44,34.72,69.3
533.733,94.06,84.98,85.0,85.0,82.44,34.72,69.3
533.733,94.06,84.98,85.0,85.0,82.44,34.72,69.3
533.733,94.06,84.98,85.0,85.0,82.44,34.72,69.3
533.733,94.06,84.98,85.0,85.0,82.44,34.72,69.3
533.879,94.05,84.98,85.0,85.0,,34.72,
533.879,94.05,84.98,85.0,85.0,,34.72,
533.879,94.05,84.98,85.0,85.0,,34.72,
533.879,94.05,84.98,85.0,85.0,,34.72,
533.879,94.05,84.98,85.0,85.0,,34.72,
534.029,94.05,84.98,85.0,85.0,,34.71,
534.029,94.05,84.98,85.0,85.0,,34.71,
534.029,94.05,84.98,85.0,85.0,,34.71,
534.029,94.05,84.98,85.0,85.0,,34.71,
534.029,94.05,84.98,85.0,85.0,,34.71,
534.184,94.04,84.98,85.0,85.0,,34.71,
534.184,94.04,84.98,85.0,85.0,,34.71,
534.184,94.04,84.98,85.0,85.0,,34.71,
534.184,94.04,84.98,85.0,85.0,,34.71,
534.184,94.04,84.98,85.0,85.0,,34.71,
534.329,94.04,84.98,85.0,85.0,82.49,34.7,69.42
534.329,94.04,84.98,85.0,85.0,82.49,34.7,69.42
534.329,94.04,84.98,85.0,85.0,82.49,34.7,69.42
534.329,94.04,84.98,85.0,85.0,82.49,34.7,69.42
534.329,94.04,84.98,85.0,85.0,82.49,34.7,69.42
534.329,94.04,84.98,85.0,85.0,82.49,34.7,69.42
534.329,94.04,84.98,85.0,85.0,82.49,34.7,69.42
534.478,94.03,84.98,85.0,85.0,,34.7,
534.478,94.03,84.98,85.0,85.0,,34.7,
534.478,94.03,84.98,85.0,85.0,,34.7,
534.478,94.03,84.98,85.0,85.0,,34.7,
534.478,94.03,84.98,85.0,85.0,,34.7,
534.633,94.03,84.98,85.0,85.0,,34.69,
534.633,94.03,84.98,85.0,85.0,,34.69,
534.633,94.03,84.98,85.0,85.0,,34.69,
534.633,94.03,84.98,85.0,85.0,,34.69,
534.633,94.03,84.98,85.0,85.0,,34.69,
534.778,94.03,84.99,85.0,85.0,,34.69,
534.778,94.03,84.99,85.0,85.0,,34.69,
534.778,94.03,84.99,85.0,85.0,,34.69,
534.778,94.03,84.99,85.0,85.0,,34.69,
534.778,94.03,84.99,85.0,85.0,,34.69,
534.929,94.03,84.99,85.0,85.0,,34.69,
534.929,94.03,84.99,85.0,85.0,,34.69,
534.929,94.03,84.99,85.0,85.0,,34.69,
534.929,94.03,84.99,85.0,85.0,,34.69,
534.929,94.03,84.99,85.0,85.0,,34.69,
534.951,,,,,82.52,,69.45
534.951,,,,,82.52,,69.45
535.083,94.03,84.99,85.0,85.0,,34.69,
535.083,94.03,84.99,85.0,85.0,,34.69,
535.083,94.03,84.99,85.0,85.0,,34.69,
535.083,94.03,84.99,85.0,85.0,,34.69,
535.083,94.03,84.99,85.0,85.0,,34.69,
535.229,94.04,84.99,85.0,85.0,,34.68,
535.229,94.04,84.99,85.0,85.0,,34.68,
535.229,94.04,84.99,85.0,85.0,,34.68,
535.229,94.04,84.99,85.0,85.0,,34.68,
535.229,94.04,84.99,85.0,85.0,,34.68,
535.378,94.03,84.99,85.0,85.0,,34.67,
535.378,94.03,84.99,85.0,85.0,,34.67,
535.378,94.03,84.99,85.0,85.0,,34.67,
535.378,94.03,84.99,85.0,85.0,,34.67,
535.378,94.03,84.99,85.0,85.0,,34.67,
535.533,94.02,84.99,85.0,85.0,82.6,34.67,69.63
535.533,94.02,84.99,85.0,85.0,82.6,34.67,69.63
535.533,94.02,84.99,85.0,85.0,82.6,34.67,69.63
535.533,94.02,84.99,85.0,85.0,82.6,34.67,69.63
535.533,94.02,84.99,85.0,85.0,82.6,34.67,69.63
535.533,94.02,84.99,85.0,85.0,82.6,34.67,69.63
535.533,94.02,84.99,85.0,85.0,82.6,34.67,69.63
535.679,94.02,84.99,85.0,85.0,,34.67,
535.679,94.02,84.99,85.0,85.0,,34.67,
535.679,94.02,84.99,85.0,85.0,,34.67,
535.679,94.02,84.99,85.0,85.0,,34.67,
535.679,94.02,84.99,85.0,85.0,,34.67,
535.829,94.02,84.99,85.0,85.0,,34.67,
535.829,94.02,84.99,85.0,85.0,,34.67,
535.829,94.02,84.99,85.0,85.0,,34.67,
535.829,94.02,84.99,85.0,85.0,,34.67,
535.829,94.02,84.99,85.0,85.0,,34.67,
535.984,94.01,84.99,85.0,85.0,,34.66,
535.984,94.01,84.99,85.0,85.0,,34.66,
535.984,94.01,84.99,85.0,85.0,,34.66,
535.984,94.01,84.99,85.0,85.0,,34.66,
535.984,94.01,84.99,85.0,85.0,,34.66,
536.129,94.01,84.99,85.0,85.0,82.66,34.65,69.8
536.129,94.01,84.99,85.0,85.0,82.66,34.65,69.8
536.129,94.01,84.99,85.0,85.0,82.66,34.65,69.8
536.129,94.01,84.99,85.0,85.0,82.66,34.65,69.8
536.129,94.01,84.99,85.0,85.0,82.66,34.65,69.8
536.129,94.01,84.99,85.0,85.0,82.66,34.65,69.8
536.129,94.01,84.99,85.0,85.0,82.66,34.65,69.8
536.279,94.01,84.99,85.0,85.0,,34.65,
536.279,94.01,84.99,85.0,85.0,,34.65,
536.279,94.01,84.99,85.0,85.0,,34.65,
536.279,94.01,84.99,85.0,85.0,,34.65,
536.279,94.01,84.99,85.0,85.0,,34.65,
536.434,94.01,84.99,85.0,85.0,,34.64,
536.434,94.01,84.99,85.0,85.0,,34.64,
536.434,94.01,84.99,85.0,85.0,,34.64,
536.434,94.01,84.99,85.0,85.0,,34.64,
536.434,94.01,84.99,85.0,85.0,,34.64,
536.578,94.02,84.99,85.0,85.0,,34.64,
536.578,94.02,84.99,85.0,85.0,,34.64,
536.578,94.02,84.99,85.0,85.0,,34.64,
536.578,94.02,84.99,85.0,85.0,,34.64,
536.578,94.02,84.99,85.0,85.0,,34.64,
536.729,94.03,84.99,85.0,85.0,82.62,34.64,69.82
536.729,94.03,84.99,85.0,85.0,82.62,34.64,69.82
536.729,94.03,84.99,85.0,85.0,82.62,34.64,69.82
536.729,94.03,84.99,85.0,85.0,82.62,34.64,69.82
536.729,94.03,84.99,85.0,85.0,82.62,34.64,69.82
536.729,94.03,84.99,85.0,85.0,82.62,34.64,69.82
536.729,94.03,84.99,85.0,85.0,82.62,34.64,69.82
536.884,94.02,84.99,85.0,85.0,,34.64,
536.884,94.02,84.99,85.0,85.0,,34.64,
536.884,94.02,84.99,85.0,85.0,,34.64,
536.884,94.02,84.99,85.0,85.0,,34.64,
536.884,94.02,84.99,85.0,85.0,,34.64,
537.029,94.01,84.99,85.0,85.0,,34.63,
537.029,94.01,84.99,85.0,85.0,,34.63,
537.029,94.01,84.99,85.0,85.0,,34.63,
537.029,94.01,84.99,85.0,85.0,,34.63,
537.029,94.01,84.99,85.0,85.0,,34.63,
537.179,94.02,84.99,85.0,85.0,,34.63,
537.179,94.02,84.99,85.0,85.0,,34.63,
537.179,94.02,84.99,85.0,85.0,,34.63,
537.179,94.02,84.99,85.0,85.0,,34.63,
537.179,94.02,84.99,85.0,85.0,,34.63,
537.333,94.02,84.99,85.0,85.0,82.73,34.63,70.0
537.333,94.02,84.99,85.0,85.0,82.73,34.63,70.0
537.333,94.02,84.99,85.0,85.0,82.73,34.63,70.0
537.333,94.02,84.99,85.0,85.0,82.73,34.63,70.0
537.333,94.02,84.99,85.0,85.0,82.73,34.63,70.0
537.333,94.02,84.99,85.0,85.0,82.73,34.63,70.0
537.333,94.02,84.99,85.0,85.0,82.73,34.63,70.0
537.478,94.01,84.99,85.0,85.0,,34.63,
537.478,94.01,84.99,85.0,85.0,,34.63,
537.478,94.01,84.99,85.0,85.0,,34.63,
537.478,94.01,84.99,85.0,85.0,,34.63,
537.478,94.01,84.99,85.0,85.0,,34.63,
537.629,94.02,84.99,85.0,85.0,,34.62,
537.629,94.02,84.99,85.0,85.0,,34.62,
537.629,94.02,84.99,85.0,85.0,,34.62,
537.629,94.02,84.99,85.0,85.0,,34.62,
537.629,94.02,84.99,85.0,85.0,,34.62,
537.783,94.02,84.99,85.0,85.0,,34.62,
537.783,94.02,84.99,85.0,85.0,,34.62,
537.783,94.02,84.99,85.0,85.0,,34.62,
537.783,94.02,84.99,85.0,85.0,,34.62,
537.783,94.02,84.99,85.0,85.0,,34.62,
537.928,94.02,84.99,85.0,85.0,82.76,34.61,70.05
537.928,94.02,84.99,85.0,85.0,82.76,34.61,70.05
537.928,94.02,84.99,85.0,85.0,82.76,34.61,70.05
537.928,94.02,84.99,85.0,85.0,82.76,34.61,70.05
537.928,94.02,84.99,85.0,85.0,82.76,34.61,70.05
537.928,94.02,84.99,85.0,85.0,82.76,34.61,70.05
537.928,94.02,84.99,85.0,85.0,82.76,34.61,70.05
538.079,94.01,84.99,85.0,85.0,,34.61,
538.079,94.01,84.99,85.0,85.0,,34.61,
538.079,94.01,84.99,85.0,85.0,,34.61,
538.079,94.01,84.99,85.0,85.0,,34.61,
538.079,94.01,84.99,85.0,85.0,,34.61,
538.229,94.02,84.99,85.0,85.0,,34.6,
538.229,94.02,84.99,85.0,85.0,,34.6,
538.229,94.02,84.99,85.0,85.0,,34.6,
538.229,94.02,84.99,85.0,85.0,,34.6,
538.229,94.02,84.99,85.0,85.0,,34.6,
538.38,94.01,84.99,85.0,85.0,,34.6,
538.38,94.01,84.99,85.0,85.0,,34.6,
538.38,94.01,84.99,85.0,85.0,,34.6,
538.38,94.01,84.99,85.0,85.0,,34.6,
538.38,94.01,84.99,85.0,85.0,,34.6,
538.529,94.01,84.99,85.0,85.0,82.82,34.59,70.18
538.529,94.01,84.99,85.0,85.0,82.82,34.59,70.18
538.529,94.01,84.99,85.0,85.0,82.82,34.59,70.18
538.529,94.01,84.99,85.0,85.0,82.82,34.59,70.18
538.529,94.01,84.99,85.0,85.0,82.82,34.59,70.18
538.529,94.01,84.99,85.0,85.0,82.82,34.59,70.18
538.529,94.01,84.99,85.0,85.0,82.82,34.59,70.18
538.678,94.01,84.99,85.0,85.0,,34.6,
538.678,94.01,84.99,85.0,85.0,,34.6,
538.678,94.01,84.99,85.0,85.0,,34.6,
538.678,94.01,84.99,85.0,85.0,,34.6,
538.678,94.01,84.99,85.0,85.0,,34.6,
538.83,94.03,84.99,85.0,85.0,,34.59,
538.83,94.03,84.99,85.0,85.0,,34.59,
538.83,94.03,84.99,85.0,85.0,,34.59,
538.83,94.03,84.99,85.0,85.0,,34.59,
538.83,94.03,84.99,85.0,85.0,,34.59,
538.979,94.03,84.99,85.0,85.0,,34.59,
538.979,94.03,84.99,85.0,85.0,,34.59,
538.979,94.03,84.99,85.0,85.0,,34.59,
538.979,94.03,84.99,85.0,85.0,,34.59,
538.979,94.03,84.99,85.0,85.0,,34.59,
539.129,94.02,84.99,85.0,85.0,82.77,34.58,70.29
539.129,94.02,84.99,85.0,85.0,82.77,34.58,70.29
539.129,94.02,84.99,85.0,85.0,82.77,34.58,70.29
539.129,94.02,84.99,85.0,85.0,82.77,34.58,70.29
539.129,94.02,84.99,85.0,85.0,82.77,34.58,70.29
539.129,94.02,84.99,85.0,85.0,82.77,34.58,70.29
539.129,94.02,84.99,85.0,85.0,82.77,34.58,70.29
539.28,94.02,84.99,85.0,85.0,,34.59,
539.28,94.02,84.99,85.0,85.0,,34.59,
539.28,94.02,84.99,85.0,85.0,,34.59,
539.28,94.02,84.99,85.0,85.0,,34.59,
539.28,94.02,84.99,85.0,85.0,,34.59,
539.429,94.02,84.99,85.0,85.0,,34.58,
539.429,94.02,84.99,85.0,85.0,,34.58,
539.429,94.02,84.99,85.0,85.0,,34.58,
539.429,94.02,84.99,85.0,85.0,,34.58,
539.429,94.02,84.99,85.0,85.0,,34.58,
539.578,94.01,84.99,85.0,85.0,,34.57,
539.578,94.01,84.99,85.0,85.0,,34.57,
539.578,94.01,84.99,85.0,85.0,,34.57,
539.578,94.01,84.99,85.0,85.0,,34.57,
539.578,94.01,84.99,85.0,85.0,,34.57,
539.73,94.02,84.99,85.0,85.0,82.79,34.57,70.27
539.73,94.02,84.99,85.0,85.0,82.79,34.57,70.27
539.73,94.02,84.99,85.0,85.0,82.79,34.57,70.27
539.73,94.02,84.99,85.0,85.0,82.79,34.57,70.27
539.73,94.02,84.99,85.0,85.0,82.79,34.57,70.27
539.73,94.02,84.99,85.0,85.0,82.79,34.57,70.27
539.73,94.02,84.99,85.0,85.0,82.79,34.57,70.27
539.879,94.03,84.99,85.0,85.0,,34.57,
539.879,94.03,84.99,85.0,85.0,,34.57,
539.879,94.03,84.99,85.0,85.0,,34.57,
539.879,94.03,84.99,85.0,85.0,,34.57,
539.879,94.03,84.99,85.0,85.0,,34.57,
540.029,94.03,84.99,85.0,85.0,,34.57,
540.029,94.03,84.99,85.0,85.0,,34.57,
540.029,94.03,84.99,85.0,85.0,,34.57,
540.029,94.03,84.99,85.0,85.0,,34.57,
540.029,94.03,84.99,85.0,85.0,,34.57,
540.18,94.01,84.99,85.0,85.0,,34.56,
540.18,94.01,84.99,85.0,85.0,,34.56,
540.18,94.01,84.99,85.0,85.0,,34.56,
540.18,94.01,84.99,85.0,85.0,,34.56,
540.18,94.01,84.99,85.0,85.0,,34.56,
540.33,94.02,84.99,85.0,85.0,82.84,34.56,70.36
540.33,94.02,84.99,85.0,85.0,82.84,34.56,70.36
540.33,94.02,84.99,85.0,85.0,82.84,34.56,70.36
540.33,94.02,84.99,85.0,85.0,82.84,34.56,70.36
540.33,94.02,84.99,85.0,85.0,82.84,34.56,70.36
540.33,94.02,84.99,85.0,85.0,82.84,34.56,70.36
540.33,94.02,84.99,85.0,85.0,82.84,34.56,70.36
540.48,94.02,84.99,85.0,85.0,,34.55,
540.48,94.02,84.99,85.0,85.0,,34.55,
540.48,94.02,84.99,85.0,85.0,,34.55,
540.48,94.02,84.99,85.0,85.0,,34.55,
540.48,94.02,84.99,85.0,85.0,,34.55,
540.634,94.01,84.99,85.0,85.0,,34.55,
540.634,94.01,84.99,85.0,85.0,,34.55,
540.634,94.01,84.99,85.0,85.0,,34.55,
540.634,94.01,84.99,85.0,85.0,,34.55,
540.634,94.01,84.99,85.0,85.0,,34.55,
540.779,94.03,84.99,85.0,85.0,,34.55,
540.779,94.03,84.99,85.0,85.0,,34.55,
540.779,94.03,84.99,85.0,85.0,,34.55,
540.779,94.03,84.99,85.0,85.0,,34.55,
540.779,94.03,84.99,85.0,85.0,,34.55,
540.936,94.02,84.99,85.0,85.0,82.98,34.54,70.56
540.936,94.02,84.99,85.0,85.0,82.98,34.54,70.56
540.936,94.02,84.99,85.0,85.0,82.98,34.54,70.56
540.936,94.02,84.99,85.0,85.0,82.98,34.54,70.56
540.936,94.02,84.99,85.0,85.0,82.98,34.54,70.56
540.936,94.02,84.99,85.0,85.0,82.98,34.54,70.56
540.936,94.02,84.99,85.0,85.0,82.98,34.54,70.56
541.084,94.02,84.99,85.0,85.0,,34.54,
541.084,94.02,84.99,85.0,85.0,,34.54,
541.084,94.02,84.99,85.0,85.0,,34.54,
541.084,94.02,84.99,85.0,85.0,,34.54,
541.084,94.02,84.99,85.0,85.0,,34.54,
541.23,94.03,84.99,85.0,85.0,,34.54,
541.23,94.03,84.99,85.0,85.0,,34.54,
541.23,94.03,84.99,85.0,85.0,,34.54,
541.23,94.03,84.99,85.0,85.0,,34.54,
541.23,94.03,84.99,85.0,85.0,,34.54,
541.38,94.03,84.99,85.0,85.0,,34.54,
541.38,94.03,84.99,85.0,85.0,,34.54,
541.38,94.03,84.99,85.0,85.0,,34.54,
541.38,94.03,84.99,85.0,85.0,,34.54,
541.38,94.03,84.99,85.0,85.0,,34.54,
541.534,94.03,84.99,85.0,85.0,82.88,34.53,70.48
541.534,94.03,84.99,85.0,85.0,82.88,34.53,70.48
541.534,94.03,84.99,85.0,85.0,82.88,34.53,70.48
541.534,94.03,84.99,85.0,85.0,82.88,34.53,70.48
541.534,94.03,84.99,85.0,85.0,82.88,34.53,70.48
541.534,94.03,84.99,85.0,85.0,82.88,34.53,70.48
541.534,94.03,84.99,85.0,85.0,82.88,34.53,70.48
541.68,94.03,84.99,85.0,85.0,,34.52,
541.68,94.03,84.99,85.0,85.0,,34.52,
541.68,94.03,84.99,85.0,85.0,,34.52,
541.68,94.03,84.99,85.0,85.0,,34.52,
541.68,94.03,84.99,85.0,85.0,,34.52,
541.83,94.03,84.99,85.0,85.0,,34.52,
541.83,94.03,84.99,85.0,85.0,,34.52,
541.83,94.03,84.99,85.0,85.0,,34.52,
541.83,94.03,84.99,85.0,85.0,,34.52,
541.83,94.03,84.99,85.0,85.0,,34.52,
541.984,94.04,84.99,85.0,85.0,,34.52,
541.984,94.04,84.99,85.0,85.0,,34.52,
541.984,94.04,84.99,85.0,85.0,,34.52,
541.984,94.04,84.99,85.0,85.0,,34.52,
541.984,94.04,84.99,85.0,85.0,,34.52,
542.13,94.05,84.99,85.0,85.0,,34.52,
542.13,94.05,84.99,85.0,85.0,,34.52,
542.13,94.05,84.99,85.0,85.0,,34.52,
542.13,94.05,84.99,85.0,85.0,,34.52,
542.13,94.05,84.99,85.0,85.0,,34.52,
542.28,94.05,84.99,85.0,85.0,83.05,34.52,70.61
542.28,94.05,84.99,85.0,85.0,83.05,34.52,70.61
542.28,94.05,84.99,85.0,85.0,83.05,34.52,70.61
542.28,94.05,84.99,85.0,85.0,83.05,34.52,70.61
542.28,94.05,84.99,85.0,85.0,83.05,34.52,70.61
542.28,94.05,84.99,85.0,85.0,83.05,34.52,70.61
542.28,94.05,84.99,85.0,85.0,83.05,34.52,70.61
542.434,94.06,84.99,85.0,85.0,,34.51,
542.434,94.06,84.99,85.0,85.0,,34.51,
542.434,94.06,84.99,85.0,85.0,,34.51,
542.434,94.06,84.99,85.0,85.0,,34.51,
542.434,94.06,84.99,85.0,85.0,,34.51,
542.579,94.05,84.99,85.0,85.0,,34.51,
542.579,94.05,84.99,85.0,85.0,,34.51,
542.579,94.05,84.99,85.0,85.0,,34.51,
542.579,94.05,84.99,85.0,85.0,,34.51,
542.579,94.05,84.99,85.0,85.0,,34.51,
542.73,94.03,84.99,85.0,85.0,,34.51,
542.73,94.03,84.99,85.0,85.0,,34.51,
542.73,94.03,84.99,85.0,85.0,,34.51,
542.73,94.03,84.99,85.0,85.0,,34.51,
542.73,94.03,84.99,85.0,85.0,,34.51,
542.783,,,,,83.01,,70.77
542.783,,,,,83.01,,70.77
542.882,94.03,84.99,85.0,85.0,,34.5,
542.882,94.03,84.99,85.0,85.0,,34.5,
542.882,94.03,84.99,85.0,85.0,,34.5,
542.882,94.03,84.99,85.0,85.0,,34.5,
542.882,94.03,84.99,85.0,85.0,,34.5,
543.029,94.04,84.99,85.0,85.0,,34.5,
543.029,94.04,84.99,85.0,85.0,,34.5,
543.029,94.04,84.99,85.0,85.0,,34.5,
543.029,94.04,84.99,85.0,85.0,,34.5,
543.029,94.04,84.99,85.0,85.0,,34.5,
543.179,94.04,84.99,85.0,85.0,,34.49,
543.179,94.04,84.99,85.0,85.0,,34.49,
543.179,94.04,84.99,85.0,85.0,,34.49,
543.179,94.04,84.99,85.0,85.0,,34.49,
543.179,94.04,84.99,85.0,85.0,,34.49,
543.329,94.02,84.99,85.0,85.0,,34.48,
543.329,94.02,84.99,85.0,85.0,,34.48,
543.329,94.02,84.99,85.0,85.0,,34.48,
543.329,94.02,84.99,85.0,85.0,,34.48,
543.329,94.02,84.99,85.0,85.0,,34.48,
543.48,94.04,84.99,85.0,85.0,83.04,34.49,70.77
543.48,94.04,84.99,85.0,85.0,83.04,34.49,70.77
543.48,94.04,84.99,85.0,85.0,83.04,34.49,70.77
543.48,94.04,84.99,85.0,85.0,83.04,34.49,70.77
543.48,94.04,84.99,85.0,85.0,83.04,34.49,70.77
543.48,94.04,84.99,85.0,85.0,83.04,34.49,70.77
543.48,94.04,84.99,85.0,85.0,83.04,34.49,70.77
543.629,94.04,84.99,85.0,85.0,,34.48,
543.629,94.04,84.99,85.0,85.0,,34.48,
543.629,94.04,84.99,85.0,85.0,,34.48,
543.629,94.04,84.99,85.0,85.0,,34.48,
543.629,94.04,84.99,85.0,85.0,,34.48,
543.78,94.03,84.99,85.0,85.0,,34.48,
543.78,94.03,84.99,85.0,85.0,,34.48,
543.78,94.03,84.99,85.0,85.0,,34.48,
543.78,94.03,84.99,85.0,85.0,,34.48,
543.78,94.03,84.99,85.0,85.0,,34.48,
543.995,94.04,84.99,85.0,85.0,,34.48,
543.995,94.04,84.99,85.0,85.0,,34.48,
543.995,94.04,84.99,85.0,85.0,,34.48,
543.995,94.04,84.99,85.0,85.0,,34.48,
543.995,94.04,84.99,85.0,85.0,,34.48,
544.0,,,,,83.09,,70.84
544.0,,,,,83.09,,70.84
544.12,94.04,84.99,85.0,85.0,,34.47,
544.12,94.04,84.99,85.0,85.0,,34.47,
544.12,94.04,84.99,85.0,85.0,,34.47,
544.12,94.04,84.99,85.0,85.0,,34.47,
544.12,94.04,84.99,85.0,85.0,,34.47,
544.269,94.03,84.99,85.0,85.0,,34.47,
544.269,94.03,84.99,85.0,85.0,,34.47,
544.269,94.03,84.99,85.0,85.0,,34.47,
544.269,94.03,84.99,85.0,85.0,,34.47,
544.269,94.03,84.99,85.0,85.0,,34.47,
544.42,94.03,84.99,85.0,85.0,,34.46,
544.42,94.03,84.99,85.0,85.0,,34.46,
544.42,94.03,84.99,85.0,85.0,,34.46,
544.42,94.03,84.99,85.0,85.0,,34.46,
544.42,94.03,84.99,85.0,85.0,,34.46,
544.571,94.03,84.99,85.0,85.0,83.13,34.46,70.93
544.571,94.03,84.99,85.0,85.0,83.13,34.46,70.93
544.571,94.03,84.99,85.0,85.0,83.13,34.46,70.93
544.571,94.03,84.99,85.0,85.0,83.13,34.46,70.93
544.571,94.03,84.99,85.0,85.0,83.13,34.46,70.93
544.571,94.03,84.99,85.0,85.0,83.13,34.46,70.93
544.571,94.03,84.99,85.0,85.0,83.13,34.46,70.93
544.72,94.03,84.99,85.0,85.0,,34.46,
544.72,94.03,84.99,85.0,85.0,,34.46,
544.72,94.03,84.99,85.0,85.0,,34.46,
544.72,94.03,84.99,85.0,85.0,,34.46,
544.72,94.03,84.99,85.0,85.0,,34.46,
544.87,94.02,84.99,85.0,85.0,,34.46,
544.87,94.02,84.99,85.0,85.0,,34.46,
544.87,94.02,84.99,85.0,85.0,,34.46,
544.87,94.02,84.99,85.0,85.0,,34.46,
544.87,94.02,84.99,85.0,85.0,,34.46,
545.021,94.04,84.99,85.0,85.0,,34.46,
545.021,94.04,84.99,85.0,85.0,,34.46,
545.021,94.04,84.99,85.0,85.0,,34.46,
545.021,94.04,84.99,85.0,85.0,,34.46,
545.021,94.04,84.99,85.0,85.0,,34.46,
545.17,94.03,84.99,85.0,85.0,83.15,34.45,71.03
545.17,94.03,84.99,85.0,85.0,83.15,34.45,71.03
545.17,94.03,84.99,85.0,85.0,83.15,34.45,71.03
545.17,94.03,84.99,85.0,85.0,83.15,34.45,71.03
545.17,94.03,84.99,85.0,85.0,83.15,34.45,71.03
545.17,94.03,84.99,85.0,85.0,83.15,34.45,71.03
545.17,94.03,84.99,85.0,85.0,83.15,34.45,71.03
545.32,94.03,84.99,85.0,85.0,,34.45,
545.32,94.03,84.99,85.0,85.0,,34.45,
545.32,94.03,84.99,85.0,85.0,,34.45,
545.32,94.03,84.99,85.0,85.0,,34.45,
545.32,94.03,84.99,85.0,85.0,,34.45,
545.471,94.02,84.99,85.0,85.0,,34.44,
545.471,94.02,84.99,85.0,85.0,,34.44,
545.471,94.02,84.99,85.0,85.0,,34.44,
545.471,94.02,84.99,85.0,85.0,,34.44,
545.471,94.02,84.99,85.0,85.0,,34.44,
545.62,94.03,84.99,85.0,85.0,,34.44,
545.62,94.03,84.99,85.0,85.0,,34.44,
545.62,94.03,84.99,85.0,85.0,,34.44,
545.62,94.03,84.99,85.0,85.0,,34.44,
545.62,94.03,84.99,85.0,85.0,,34.44,
545.77,94.03,84.99,85.0,85.0,83.22,34.44,71.09
545.77,94.03,84.99,85.0,85.0,83.22,34.44,71.09
545.77,94.03,84.99,85.0,85.0,83.22,34.44,71.09
545.77,94.03,84.99,85.0,85.0,83.22,34.44,71.09
545.77,94.03,84.99,85.0,85.0,83.22,34.44,71.09
545.77,94.03,84.99,85.0,85.0,83.22,34.44,71.09
545.77,94.03,84.99,85.0,85.0,83.22,34.44,71.09
545.922,94.03,84.99,85.0,85.0,,34.44,
545.922,94.03,84.99,85.0,85.0,,34.44,
545.922,94.03,84.99,85.0,85.0,,34.44,
545.922,94.03,84.99,85.0,85.0,,34.44,
545.922,94.03,84.99,85.0,85.0,,34.44,
546.07,94.02,84.99,85.0,85.0,,34.43,
546.07,94.02,84.99,85.0,85.0,,34.43,
546.07,94.02,84.99,85.0,85.0,,34.43,
546.07,94.02,84.99,85.0,85.0,,34.43,
546.07,94.02,84.99,85.0,85.0,,34.43,
546.22,94.02,84.99,85.0,85.0,,34.43,
546.22,94.02,84.99,85.0,85.0,,34.43,
546.22,94.02,84.99,85.0,85.0,,34.43,
546.22,94.02,84.99,85.0,85.0,,34.43,
546.22,94.02,84.99,85.0,85.0,,34.43,
546.37,94.03,84.99,85.0,85.0,,34.43,
546.37,94.03,84.99,85.0,85.0,,34.43,
546.37,94.03,84.99,85.0,85.0,,34.43,
546.37,94.03,84.99,85.0,85.0,,34.43,
546.37,94.03,84.99,85.0,85.0,,34.43,
546.52,94.03,84.99,85.0,85.0,83.21,34.43,71.12
546.52,94.03,84.99,85.0,85.0,83.21,34.43,71.12
546.52,94.03,84.99,85.0,85.0,83.21,34.43,71.12
546.52,94.03,84.99,85.0,85.0,83.21,34.43,71.12
546.52,94.03,84.99,85.0,85.0,83.21,34.43,71.12
546.52,94.03,84.99,85.0,85.0,83.21,34.43,71.12
546.52,94.03,84.99,85.0,85.0,83.21,34.43,71.12
546.67,94.02,84.99,85.0,85.0,,34.42,
546.67,94.02,84.99,85.0,85.0,,34.42,
546.67,94.02,84.99,85.0,85.0,,34.42,
546.67,94.02,84.99,85.0,85.0,,34.42,
546.67,94.02,84.99,85.0,85.0,,34.42,
546.82,94.03,84.99,85.0,85.0,,34.42,
546.82,94.03,84.99,85.0,85.0,,34.42,
546.82,94.03,84.99,85.0,85.0,,34.42,
546.82,94.03,84.99,85.0,85.0,,34.42,
546.82,94.03,84.99,85.0,85.0,,34.42,
546.97,94.01,84.99,85.0,85.0,,34.41,
546.97,94.01,84.99,85.0,85.0,,34.41,
546.97,94.01,84.99,85.0,85.0,,34.41,
546.97,94.01,84.99,85.0,85.0,,34.41,
546.97,94.01,84.99,85.0,85.0,,34.41,
547.12,94.01,84.99,85.0,85.0,83.27,34.41,71.19
547.12,94.01,84.99,85.0,85.0,83.27,34.41,71.19
547.12,94.01,84.99,85.0,85.0,83.27,34.41,71.19
547.12,94.01,84.99,85.0,85.0,83.27,34.41,71.19
547.12,94.01,84.99,85.0,85.0,83.27,34.41,71.19
547.12,94.01,84.99,85.0,85.0,83.27,34.41,71.19
547.12,94.01,84.99,85.0,85.0,83.27,34.41,71.19
547.27,94.02,84.99,85.0,85.0,,34.41,
547.27,94.02,84.99,85.0,85.0,,34.41,
547.27,94.02,84.99,85.0,85.0,,34.41,
547.27,94.02,84.99,85.0,85.0,,34.41,
547.27,94.02,84.99,85.0,85.0,,34.41,
547.42,94.02,84.99,85.0,85.0,,34.4,
547.42,94.02,84.99,85.0,85.0,,34.4,
547.42,94.02,84.99,85.0,85.0,,34.4,
547.42,94.02,84.99,85.0,85.0,,34.4,
547.42,94.02,84.99,85.0,85.0,,34.4,
547.57,94.02,84.99,85.0,85.0,,34.4,
547.57,94.02,84.99,85.0,85.0,,34.4,
547.57,94.02,84.99,85.0,85.0,,34.4,
547.57,94.02,84.99,85.0,85.0,,34.4,
547.57,94.02,84.99,85.0,85.0,,34.4,
547.72,94.02,84.99,85.0,85.0,83.22,34.39,71.28
547.72,94.02,84.99,85.0,85.0,83.22,34.39,71.28
547.72,94.02,84.99,85.0,85.0,83.22,34.39,71.28
547.72,94.02,84.99,85.0,85.0,83.22,34.39,71.28
547.72,94.02,84.99,85.0,85.0,83.22,34.39,71.28
547.72,94.02,84.99,85.0,85.0,83.22,34.39,71.28
547.72,94.02,84.99,85.0,85.0,83.22,34.39,71.28
547.871,94.01,84.99,85.0,85.0,,34.39,
547.871,94.01,84.99,85.0,85.0,,34.39,
547.871,94.01,84.99,85.0,85.0,,34.39,
547.871,94.01,84.99,85.0,85.0,,34.39,
547.871,94.01,84.99,85.0,85.0,,34.39,
548.02,94.02,84.99,85.0,85.0,,34.39,
548.02,94.02,84.99,85.0,85.0,,34.39,
548.02,94.02,84.99,85.0,85.0,,34.39,
548.02,94.02,84.99,85.0,85.0,,34.39,
548.02,94.02,84.99,85.0,85.0,,34.39,
548.17,94.02,84.99,85.0,85.0,,34.39,
548.17,94.02,84.99,85.0,85.0,,34.39,
548.17,94.02,84.99,85.0,85.0,,34.39,
548.17,94.02,84.99,85.0,85.0,,34.39,
548.17,94.02,84.99,85.0,85.0,,34.39,
548.32,94.03,84.99,85.0,85.0,83.27,34.39,71.36
548.32,94.03,84.99,85.0,85.0,83.27,34.39,71.36
548.32,94.03,84.99,85.0,85.0,83.27,34.39,71.36
548.32,94.03,84.99,85.0,85.0,83.27,34.39,71.36
548.32,94.03,84.99,85.0,85.0,83.27,34.39,71.36
548.32,94.03,84.99,85.0,85.0,83.27,34.39,71.36
548.32,94.03,84.99,85.0,85.0,83.27,34.39,71.36
548.471,94.02,84.99,85.0,85.0,,34.39,
548.471,94.02,84.99,85.0,85.0,,34.39,
548.471,94.02,84.99,85.0,85.0,,34.39,
548.471,94.02,84.99,85.0,85.0,,34.39,
548.471,94.02,84.99,85.0,85.0,,34.39,
548.62,94.04,84.99,85.0,85.0,,34.38,
548.62,94.04,84.99,85.0,85.0,,34.38,
548.62,94.04,84.99,85.0,85.0,,34.38,
548.62,94.04,84.99,85.0,85.0,,34.38,
548.62,94.04,84.99,85.0,85.0,,34.38,
548.77,94.03,84.99,85.0,85.0,,34.38,
548.77,94.03,84.99,85.0,85.0,,34.38,
548.77,94.03,84.99,85.0,85.0,,34.38,
548.77,94.03,84.99,85.0,85.0,,34.38,
548.77,94.03,84.99,85.0,85.0,,34.38,
548.92,94.02,84.99,85.0,85.0,83.3,34.38,71.36
548.92,94.02,84.99,85.0,85.0,83.3,34.38,71.36
548.92,94.02,84.99,85.0,85.0,83.3,34.38,71.36
548.92,94.02,84.99,85.0,85.0,83.3,34.38,71.36
548.92,94.02,84.99,85.0,85.0,83.3,34.38,71.36
548.92,94.02,84.99,85.0,85.0,83.3,34.38,71.36
548.92,94.02,84.99,85.0,85.0,83.3,34.38,71.36
549.07,94.02,84.99,85.0,85.0,,34.38,
549.07,94.02,84.99,85.0,85.0,,34.38,
549.07,94.02,84.99,85.0,85.0,,34.38,
549.07,94.02,84.99,85.0,85.0,,34.38,
549.07,94.02,84.99,85.0,85.0,,34.38,
549.22,94.03,84.99,85.0,85.0,,34.38,
549.22,94.03,84.99,85.0,85.0,,34.38,
549.22,94.03,84.99,85.0,85.0,,34.38,
549.22,94.03,84.99,85.0,85.0,,34.38,
549.22,94.03,84.99,85.0,85.0,,34.38,
549.37,94.03,84.99,85.0,85.0,,34.37,
549.37,94.03,84.99,85.0,85.0,,34.37,
549.37,94.03,84.99,85.0,85.0,,34.37,
549.37,94.03,84.99,85.0,85.0,,34.37,
549.37,94.03,84.99,85.0,85.0,,34.37,
549.52,94.04,84.99,85.0,85.0,83.34,34.37,71.55
549.52,94.04,84.99,85.0,85.0,83.34,34.37,71.55
549.52,94.04,84.99,85.0,85.0,83.34,34.37,71.55
549.52,94.04,84.99,85.0,85.0,83.34,34.37,71.55
549.52,94.04,84.99,85.0,85.0,83.34,34.37,71.55
549.52,94.04,84.99,85.0,85.0,83.34,34.37,71.55
549.52,94.04,84.99,85.0,85.0,83.34,34.37,71.55
549.671,94.03,84.99,85.0,85.0,,34.37,
549.671,94.03,84.99,85.0,85.0,,34.37,
549.671,94.03,84.99,85.0,85.0,,34.37,
549.671,94.03,84.99,85.0,85.0,,34.37,
549.671,94.03,84.99,85.0,85.0,,34.37,
549.82,94.04,84.99,85.0,85.0,,34.36,
549.82,94.04,84.99,85.0,85.0,,34.36,
549.82,94.04,84.99,85.0,85.0,,34.36,
549.82,94.04,84.99,85.0,85.0,,34.36,
549.82,94.04,84.99,85.0,85.0,,34.36,
549.977,94.03,84.99,85.0,85.0,,34.37,
549.977,94.03,84.99,85.0,85.0,,34.37,
549.977,94.03,84.99,85.0,85.0,,34.37,
549.977,94.03,84.99,85.0,85.0,,34.37,
549.977,94.03,84.99,85.0,85.0,,34.37,
550.122,94.02,84.99,85.0,85.0,83.39,34.35,71.51
550.122,94.02,84.99,85.0,85.0,83.39,34.35,71.51
550.122,94.02,84.99,85.0,85.0,83.39,34.35,71.51
550.122,94.02,84.99,85.0,85.0,83.39,34.35,71.51
550.122,94.02,84.99,85.0,85.0,83.39,34.35,71.51
550.122,94.02,84.99,85.0,85.0,83.39,34.35,71.51
550.122,94.02,84.99,85.0,85.0,83.39,34.35,71.51
550.271,94.04,84.99,85.0,85.0,,34.35,
550.271,94.04,84.99,85.0,85.0,,34.35,
550.271,94.04,84.99,85.0,85.0,,34.35,
550.271,94.04,84.99,85.0,85.0,,34.35,
550.271,94.04,84.99,85.0,85.0,,34.35,
550.42,94.04,84.99,85.0,85.0,,34.35,
550.42,94.04,84.99,85.0,85.0,,34.35,
550.42,94.04,84.99,85.0,85.0,,34.35,
550.42,94.04,84.99,85.0,85.0,,34.35,
550.42,94.04,84.99,85.0,85.0,,34.35,
550.573,94.03,84.99,85.0,85.0,,34.35,
550.573,94.03,84.99,85.0,85.0,,34.35,
550.573,94.03,84.99,85.0,85.0,,34.35,
550.573,94.03,84.99,85.0,85.0,,34.35,
550.573,94.03,84.99,85.0,85.0,,34.35,
550.722,94.04,84.99,85.0,85.0,83.47,34.35,71.63
550.722,94.04,84.99,85.0,85.0,83.47,34.35,71.63
550.722,94.04,84.99,85.0,85.0,83.47,34.35,71.63
550.722,94.04,84.99,85.0,85.0,83.47,34.35,71.63
550.722,94.04,84.99,85.0,85.0,83.47,34.35,71.63
550.722,94.04,84.99,85.0,85.0,83.47,34.35,71.63
550.722,94.04,84.99,85.0,85.0,83.47,34.35,71.63
550.871,94.03,84.99,85.0,85.0,,34.34,
550.871,94.03,84.99,85.0,85.0,,34.34,
550.871,94.03,84.99,85.0,85.0,,34.34,
550.871,94.03,84.99,85.0,85.0,,34.34,
550.871,94.03,84.99,85.0,85.0,,34.34,
551.021,94.02,84.99,85.0,85.0,,34.34,
551.021,94.02,84.99,85.0,85.0,,34.34,
551.021,94.02,84.99,85.0,85.0,,34.34,
551.021,94.02,84.99,85.0,85.0,,34.34,
551.021,94.02,84.99,85.0,85.0,,34.34,
551.171,94.04,84.99,85.0,85.0,83.47,34.35,71.62
551.171,94.04,84.99,85.0,85.0,83.47,34.35,71.62
551.171,94.04,84.99,85.0,85.0,83.47,34.35,71.62
551.171,94.04,84.99,85.0,85.0,83.47,34.35,71.62
551.171,94.04,84.99,85.0,85.0,83.47,34.35,71.62
551.171,94.04,84.99,85.0,85.0,83.47,34.35,71.62
551.171,94.04,84.99,85.0,85.0,83.47,34.35,71.62
551.32,94.02,84.99,85.0,85.0,,34.33,
551.32,94.02,84.99,85.0,85.0,,34.33,
551.32,94.02,84.99,85.0,85.0,,34.33,
551.32,94.02,84.99,85.0,85.0,,34.33,
551.32,94.02,84.99,85.0,85.0,,34.33,
551.471,94.03,84.99,85.0,85.0,,34.34,
551.471,94.03,84.99,85.0,85.0,,34.34,
551.471,94.03,84.99,85.0,85.0,,34.34,
551.471,94.03,84.99,85.0,85.0,,34.34,
551.471,94.03,84.99,85.0,85.0,,34.34,
551.621,94.03,84.99,85.0,85.0,,34.34,
551.621,94.03,84.99,85.0,85.0,,34.34,
551.621,94.03,84.99,85.0,85.0,,34.34,
551.621,94.03,84.99,85.0,85.0,,34.34,
551.621,94.03,84.99,85.0,85.0,,34.34,
551.774,94.03,84.99,85.0,85.0,,34.33,
551.774,94.03,84.99,85.0,85.0,,34.33,
551.774,94.03,84.99,85.0,85.0,,34.33,
551.774,94.03,84.99,85.0,85.0,,34.33,
551.774,94.03,84.99,85.0,85.0,,34.33,
551.921,94.03,84.99,85.0,85.0,83.46,34.33,71.67
551.921,94.03,84.99,85.0,85.0,83.46,34.33,71.67
551.921,94.03,84.99,85.0,85.0,83.46,34.33,71.67
551.921,94.03,84.99,85.0,85.0,83.46,34.33,71.67
551.921,94.03,84.99,85.0,85.0,83.46,34.33,71.67
551.921,94.03,84.99,85.0,85.0,83.46,34.33,71.67
551.921,94.03,84.99,85.0,85.0,83.46,34.33,71.67
552.07,94.03,84.99,85.0,85.0,,34.32,
552.07,94.03,84.99,85.0,85.0,,34.32,
552.07,94.03,84.99,85.0,85.0,,34.32,
552.07,94.03,84.99,85.0,85.0,,34.32,
552.07,94.03,84.99,85.0,85.0,,34.32,
552.225,94.03,84.99,85.0,85.0,,34.32,
552.225,94.03,84.99,85.0,85.0,,34.32,
552.225,94.03,84.99,85.0,85.0,,34.32,
552.225,94.03,84.99,85.0,85.0,,34.32,
552.225,94.03,84.99,85.0,85.0,,34.32,
552.372,94.03,84.99,85.0,85.0,,34.32,
552.372,94.03,84.99,85.0,85.0,,34.32,
552.372,94.03,84.99,85.0,85.0,,34.32,
552.372,94.03,84.99,85.0,85.0,,34.32,
552.372,94.03,84.99,85.0,85.0,,34.32,
552.522,94.03,84.99,85.0,85.0,83.51,34.33,71.74
552.522,94.03,84.99,85.0,85.0,83.51,34.33,71.74
552.522,94.03,84.99,85.0,85.0,83.51,34.33,71.74
552.522,94.03,84.99,85.0,85.0,83.51,34.33,71.74
552.522,94.03,84.99,85.0,85.0,83.51,34.33,71.74
552.522,94.03,84.99,85.0,85.0,83.51,34.33,71.74
552.522,94.03,84.99,85.0,85.0,83.51,34.33,71.74
552.676,94.03,84.99,85.0,85.0,,34.32,
552.676,94.03,84.99,85.0,85.0,,34.32,
552.676,94.03,84.99,85.0,85.0,,34.32,
552.676,94.03,84.99,85.0,85.0,,34.32,
552.676,94.03,84.99,85.0,85.0,,34.32,
552.821,94.03,84.99,85.0,85.0,,34.32,
552.821,94.03,84.99,85.0,85.0,,34.32,
552.821,94.03,84.99,85.0,85.0,,34.32,
552.821,94.03,84.99,85.0,85.0,,34.32,
552.821,94.03,84.99,85.0,85.0,,34.32,
552.972,94.01,84.99,85.0,85.0,,34.31,
552.972,94.01,84.99,85.0,85.0,,34.31,
552.972,94.01,84.99,85.0,85.0,,34.31,
552.972,94.01,84.99,85.0,85.0,,34.31,
552.972,94.01,84.99,85.0,85.0,,34.31,
553.156,94.02,84.99,85.0,85.0,83.49,34.31,71.78
553.156,94.02,84.99,85.0,85.0,83.49,34.31,71.78
553.156,94.02,84.99,85.0,85.0,83.49,34.31,71.78
553.156,94.02,84.99,85.0,85.0,83.49,34.31,71.78
553.156,94.02,84.99,85.0,85.0,83.49,34.31,71.78
553.156,94.02,84.99,85.0,85.0,83.49,34.31,71.78
553.156,94.02,84.99,85.0,85.0,83.49,34.31,71.78
553.311,94.02,84.99,85.0,85.0,,34.3,
553.311,94.02,84.99,85.0,85.0,,34.3,
553.311,94.02,84.99,85.0,85.0,,34.3,
553.311,94.02,84.99,85.0,85.0,,34.3,
553.311,94.02,84.99,85.0,85.0,,34.3,
553.458,94.01,84.99,85.0,85.0,,34.31,
553.458,94.01,84.99,85.0,85.0,,34.31,
553.458,94.01,84.99,85.0,85.0,,34.31,
553.458,94.01,84.99,85.0,85.0,,34.31,
553.458,94.01,84.99,85.0,85.0,,34.31,
553.609,94.01,84.99,85.0,85.0,,34.3,
553.609,94.01,84.99,85.0,85.0,,34.3,
553.609,94.01,84.99,85.0,85.0,,34.3,
553.609,94.01,84.99,85.0,85.0,,34.3,
553.609,94.01,84.99,85.0,85.0,,34.3,
553.763,94.02,84.99,85.0,85.0,83.45,34.3,71.82
553.763,94.02,84.99,85.0,85.0,83.45,34.3,71.82
553.763,94.02,84.99,85.0,85.0,83.45,34.3,71.82
553.763,94.02,84.99,85.0,85.0,83.45,34.3,71.82
553.763,94.02,84.99,85.0,85.0,83.45,34.3,71.82
553.763,94.02,84.99,85.0,85.0,83.45,34.3,71.82
553.763,94.02,84.99,85.0,85.0,83.45,34.3,71.82
553.909,94.03,84.99,85.0,85.0,,34.3,
553.909,94.03,84.99,85.0,85.0,,34.3,
553.909,94.03,84.99,85.0,85.0,,34.3,
553.909,94.03,84.99,85.0,85.0,,34.3,
553.909,94.03,84.99,85.0,85.0,,34.3,
554.059,94.03,84.99,85.0,85.0,,34.3,
554.059,94.03,84.99,85.0,85.0,,34.3,
554.059,94.03,84.99,85.0,85.0,,34.3,
554.059,94.03,84.99,85.0,85.0,,34.3,
554.059,94.03,84.99,85.0,85.0,,34.3,
554.213,94.03,84.99,85.0,85.0,,34.29,
554.213,94.03,84.99,85.0,85.0,,34.29,
554.213,94.03,84.99,85.0,85.0,,34.29,
554.213,94.03,84.99,85.0,85.0,,34.29,
554.213,94.03,84.99,85.0,85.0,,34.29,
554.358,94.04,84.99,85.0,85.0,83.52,34.29,71.95
554.358,94.04,84.99,85.0,85.0,83.52,34.29,71.95
554.358,94.04,84.99,85.0,85.0,83.52,34.29,71.95
554.358,94.04,84.99,85.0,85.0,83.52,34.29,71.95
554.358,94.04,84.99,85.0,85.0,83.52,34.29,71.95
554.358,94.04,84.99,85.0,85.0,83.52,34.29,71.95
554.358,94.04,84.99,85.0,85.0,83.52,34.29,71.95
554.509,94.03,84.99,85.0,85.0,,34.29,
554.509,94.03,84.99,85.0,85.0,,34.29,
554.509,94.03,84.99,85.0,85.0,,34.29,
554.509,94.03,84.99,85.0,85.0,,34.29,
554.509,94.03,84.99,85.0,85.0,,34.29,
554.663,94.03,84.99,85.0,85.0,,34.29,
554.663,94.03,84.99,85.0,85.0,,34.29,
554.663,94.03,84.99,85.0,85.0,,34.29,
554.663,94.03,84.99,85.0,85.0,,34.29,
554.663,94.03,84.99,85.0,85.0,,34.29,
554.809,94.03,84.99,85.0,85.0,,34.28,
554.809,94.03,84.99,85.0,85.0,,34.28,
554.809,94.03,84.99,85.0,85.0,,34.28,
554.809,94.03,84.99,85.0,85.0,,34.28,
554.809,94.03,84.99,85.0,85.0,,34.28,
554.959,94.03,84.99,85.0,85.0,83.56,34.28,71.97
554.959,94.03,84.99,85.0,85.0,83.56,34.28,71.97
554.959,94.03,84.99,85.0,85.0,83.56,34.28,71.97
554.959,94.03,84.99,85.0,85.0,83.56,34.28,71.97
554.959,94.03,84.99,85.0,85.0,83.56,34.28,71.97
554.959,94.03,84.99,85.0,85.0,83.56,34.28,71.97
554.959,94.03,84.99,85.0,85.0,83.56,34.28,71.97
555.114,94.03,84.99,85.0,85.0,,34.28,
555.114,94.03,84.99,85.0,85.0,,34.28,
555.114,94.03,84.99,85.0,85.0,,34.28,
555.114,94.03,84.99,85.0,85.0,,34.28,
555.114,94.03,84.99,85.0,85.0,,34.28,
555.259,94.03,84.99,85.0,85.0,,34.28,
555.259,94.03,84.99,85.0,85.0,,34.28,
555.259,94.03,84.99,85.0,85.0,,34.28,
555.259,94.03,84.99,85.0,85.0,,34.28,
555.259,94.03,84.99,85.0,85.0,,34.28,
555.409,94.02,84.99,85.0,85.0,,34.28,
555.409,94.02,84.99,85.0,85.0,,34.28,
555.409,94.02,84.99,85.0,85.0,,34.28,
555.409,94.02,84.99,85.0,85.0,,34.28,
555.409,94.02,84.99,85.0,85.0,,34.28,
555.564,94.03,84.99,85.0,85.0,83.57,34.27,71.99
555.564,94.03,84.99,85.0,85.0,83.57,34.27,71.99
555.564,94.03,84.99,85.0,85.0,83.57,34.27,71.99
555.564,94.03,84.99,85.0,85.0,83.57,34.27,71.99
555.564,94.03,84.99,85.0,85.0,83.57,34.27,71.99
555.564,94.03,84.99,85.0,85.0,83.57,34.27,71.99
555.564,94.03,84.99,85.0,85.0,83.57,34.27,71.99
555.71,94.03,84.99,85.0,85.0,,34.27,
555.71,94.03,84.99,85.0,85.0,,34.27,
555.71,94.03,84.99,85.0,85.0,,34.27,
555.71,94.03,84.99,85.0,85.0,,34.27,
555.71,94.03,84.99,85.0,85.0,,34.27,
555.859,94.03,84.99,85.0,85.0,,34.27,
555.859,94.03,84.99,85.0,85.0,,34.27,
555.859,94.03,84.99,85.0,85.0,,34.27,
555.859,94.03,84.99,85.0,85.0,,34.27,
555.859,94.03,84.99,85.0,85.0,,34.27,
556.015,94.02,84.99,85.0,85.0,,34.27,
556.015,94.02,84.99,85.0,85.0,,34.27,
556.015,94.02,84.99,85.0,85.0,,34.27,
556.015,94.02,84.99,85.0,85.0,,34.27,
556.015,94.02,84.99,85.0,85.0,,34.27,
556.16,94.02,84.99,85.0,85.0,83.62,34.27,72.06
556.16,94.02,84.99,85.0,85.0,83.62,34.27,72.06
556.16,94.02,84.99,85.0,85.0,83.62,34.27,72.06
556.16,94.02,84.99,85.0,85.0,83.62,34.27,72.06
556.16,94.02,84.99,85.0,85.0,83.62,34.27,72.06
556.16,94.02,84.99,85.0,85.0,83.62,34.27,72.06
556.16,94.02,84.99,85.0,85.0,83.62,34.27,72.06
556.311,94.03,84.99,85.0,85.0,,34.26,
556.311,94.03,84.99,85.0,85.0,,34.26,
556.311,94.03,84.99,85.0,85.0,,34.26,
556.311,94.03,84.99,85.0,85.0,,34.26,
556.311,94.03,84.99,85.0,85.0,,34.26,
556.466,94.03,84.99,85.0,85.0,,34.26,
556.466,94.03,84.99,85.0,85.0,,34.26,
556.466,94.03,84.99,85.0,85.0,,34.26,
556.466,94.03,84.99,85.0,85.0,,34.26,
556.466,94.03,84.99,85.0,85.0,,34.26,
556.612,94.04,84.99,85.0,85.0,,34.26,
556.612,94.04,84.99,85.0,85.0,,34.26,
556.612,94.04,84.99,85.0,85.0,,34.26,
556.612,94.04,84.99,85.0,85.0,,34.26,
556.612,94.04,84.99,85.0,85.0,,34.26,
556.763,94.04,84.99,85.0,85.0,83.66,34.26,72.1
556.763,94.04,84.99,85.0,85.0,83.66,34.26,72.1
556.763,94.04,84.99,85.0,85.0,83.66,34.26,72.1
556.763,94.04,84.99,85.0,85.0,83.66,34.26,72.1
556.763,94.04,84.99,85.0,85.0,83.66,34.26,72.1
556.763,94.04,84.99,85.0,85.0,83.66,34.26,72.1
556.763,94.04,84.99,85.0,85.0,83.66,34.26,72.1
556.915,94.03,84.99,85.0,85.0,,34.26,
556.915,94.03,84.99,85.0,85.0,,34.26,
556.915,94.03,84.99,85.0,85.0,,34.26,
556.915,94.03,84.99,85.0,85.0,,34.26,
556.915,94.03,84.99,85.0,85.0,,34.26,
557.063,94.02,84.99,85.0,85.0,,34.26,
557.063,94.02,84.99,85.0,85.0,,34.26,
557.063,94.02,84.99,85.0,85.0,,34.26,
557.063,94.02,84.99,85.0,85.0,,34.26,
557.063,94.02,84.99,85.0,85.0,,34.26,
557.213,94.02,84.99,85.0,85.0,,34.26,
557.213,94.02,84.99,85.0,85.0,,34.26,
557.213,94.02,84.99,85.0,85.0,,34.26,
557.213,94.02,84.99,85.0,85.0,,34.26,
557.213,94.02,84.99,85.0,85.0,,34.26,
557.364,94.02,84.99,85.0,85.0,83.66,34.25,72.21
557.364,94.02,84.99,85.0,85.0,83.66,34.25,72.21
557.364,94.02,84.99,85.0,85.0,83.66,34.25,72.21
557.364,94.02,84.99,85.0,85.0,83.66,34.25,72.21
557.364,94.02,84.99,85.0,85.0,83.66,34.25,72.21
557.364,94.02,84.99,85.0,85.0,83.66,34.25,72.21
557.364,94.02,84.99,85.0,85.0,83.66,34.25,72.21
557.515,94.02,84.99,85.0,85.0,,34.25,
557.515,94.02,84.99,85.0,85.0,,34.25,
557.515,94.02,84.99,85.0,85.0,,34.25,
557.515,94.02,84.99,85.0,85.0,,34.25,
557.515,94.02,84.99,85.0,85.0,,34.25,
557.663,94.01,84.99,85.0,85.0,,34.25,
557.663,94.01,84.99,85.0,85.0,,34.25,
557.663,94.01,84.99,85.0,85.0,,34.25,
557.663,94.01,84.99,85.0,85.0,,34.25,
557.663,94.01,84.99,85.0,85.0,,34.25,
557.813,94.02,84.99,85.0,85.0,,34.25,
557.813,94.02,84.99,85.0,85.0,,34.25,
557.813,94.02,84.99,85.0,85.0,,34.25,
557.813,94.02,84.99,85.0,85.0,,34.25,
557.813,94.02,84.99,85.0,85.0,,34.25,
557.962,94.03,84.99,85.0,85.0,83.71,34.25,72.21
557.962,94.03,84.99,85.0,85.0,83.71,34.25,72.21
557.962,94.03,84.99,85.0,85.0,83.71,34.25,72.21
557.962,94.03,84.99,85.0,85.0,83.71,34.25,72.21
557.962,94.03,84.99,85.0,85.0,83.71,34.25,72.21
557.962,94.03,84.99,85.0,85.0,83.71,34.25,72.21
557.962,94.03,84.99,85.0,85.0,83.71,34.25,72.21
558.114,94.02,84.99,85.0,85.0,,34.24,
558.114,94.02,84.99,85.0,85.0,,34.24,
558.114,94.02,84.99,85.0,85.0,,34.24,
558.114,94.02,84.99,85.0,85.0,,34.24,
558.114,94.02,84.99,85.0,85.0,,34.24,
558.263,94.02,84.99,85.0,85.0,,34.24,
558.263,94.02,84.99,85.0,85.0,,34.24,
558.263,94.02,84.99,85.0,85.0,,34.24,
558.263,94.02,84.99,85.0,85.0,,34.24,
558.263,94.02,84.99,85.0,85.0,,34.24,
558.412,94.01,84.99,85.0,85.0,,34.24,
558.412,94.01,84.99,85.0,85.0,,34.24,
558.412,94.01,84.99,85.0,85.0,,34.24,
558.412,94.01,84.99,85.0,85.0,,34.24,
558.412,94.01,84.99,85.0,85.0,,34.24,
558.565,94.02,84.99,85.0,85.0,83.8,34.24,72.34
558.565,94.02,84.99,85.0,85.0,83.8,34.24,72.34
558.565,94.02,84.99,85.0,85.0,83.8,34.24,72.34
558.565,94.02,84.99,85.0,85.0,83.8,34.24,72.34
558.565,94.02,84.99,85.0,85.0,83.8,34.24,72.34
558.565,94.02,84.99,85.0,85.0,83.8,34.24,72.34
558.565,94.02,84.99,85.0,85.0,83.8,34.24,72.34
558.713,94.02,84.99,85.0,85.0,,34.23,
558.713,94.02,84.99,85.0,85.0,,34.23,
558.713,94.02,84.99,85.0,85.0,,34.23,
558.713,94.02,84.99,85.0,85.0,,34.23,
558.713,94.02,84.99,85.0,85.0,,34.23,
558.863,94.02,84.99,85.0,85.0,,34.23,
558.863,94.02,84.99,85.0,85.0,,34.23,
558.863,94.02,84.99,85.0,85.0,,34.23,
558.863,94.02,84.99,85.0,85.0,,34.23,
558.863,94.02,84.99,85.0,85.0,,34.23,
559.014,94.02,84.99,85.0,85.0,,34.23,
559.014,94.02,84.99,85.0,85.0,,34.23,
559.014,94.02,84.99,85.0,85.0,,34.23,
559.014,94.02,84.99,85.0,85.0,,34.23,
559.014,94.02,84.99,85.0,85.0,,34.23,
559.164,94.03,84.99,85.0,85.0,83.73,34.23,72.36
559.164,94.03,84.99,85.0,85.0,83.73,34.23,72.36
559.164,94.03,84.99,85.0,85.0,83.73,34.23,72.36
559.164,94.03,84.99,85.0,85.0,83.73,34.23,72.36
559.164,94.03,84.99,85.0,85.0,83.73,34.23,72.36
559.164,94.03,84.99,85.0,85.0,83.73,34.23,72.36
559.164,94.03,84.99,85.0,85.0,83.73,34.23,72.36
559.313,94.03,84.99,85.0,85.0,,34.23,
559.313,94.03,84.99,85.0,85.0,,34.23,
559.313,94.03,84.99,85.0,85.0,,34.23,
559.313,94.03,84.99,85.0,85.0,,34.23,
559.313,94.03,84.99,85.0,85.0,,34.23,
559.468,94.04,84.99,85.0,85.0,,34.23,
559.468,94.04,84.99,85.0,85.0,,34.23,
559.468,94.04,84.99,85.0,85.0,,34.23,
559.468,94.04,84.99,85.0,85.0,,34.23,
559.468,94.04,84.99,85.0,85.0,,34.23,
559.614,94.03,84.99,85.0,85.0,,34.23,
559.614,94.03,84.99,85.0,85.0,,34.23,
559.614,94.03,84.99,85.0,85.0,,34.23,
559.614,94.03,84.99,85.0,85.0,,34.23,
559.614,94.03,84.99,85.0,85.0,,34.23,
559.764,94.02,84.99,85.0,85.0,83.8,34.22,72.41
559.764,94.02,84.99,85.0,85.0,83.8,34.22,72.41
559.764,94.02,84.99,85.0,85.0,83.8,34.22,72.41
559.764,94.02,84.99,85.0,85.0,83.8,34.22,72.41
559.764,94.02,84.99,85.0,85.0,83.8,34.22,72.41
559.764,94.02,84.99,85.0,85.0,83.8,34.22,72.41
559.764,94.02,84.99,85.0,85.0,83.8,34.22,72.41
559.918,94.02,84.99,85.0,85.0,,34.22,
559.918,94.02,84.99,85.0,85.0,,34.22,
559.918,94.02,84.99,85.0,85.0,,34.22,
559.918,94.02,84.99,85.0,85.0,,34.22,
559.918,94.02,84.99,85.0,85.0,,34.22,
560.064,94.01,84.99,85.0,85.0,,34.22,
560.064,94.01,84.99,85.0,85.0,,34.22,
560.064,94.01,84.99,85.0,85.0,,34.22,
560.064,94.01,84.99,85.0,85.0,,34.22,
560.064,94.01,84.99,85.0,85.0,,34.22,
560.213,94.03,84.99,85.0,85.0,,34.22,
560.213,94.03,84.99,85.0,85.0,,34.22,
560.213,94.03,84.99,85.0,85.0,,34.22,
560.213,94.03,84.99,85.0,85.0,,34.22,
560.213,94.03,84.99,85.0,85.0,,34.22,
560.368,94.02,84.99,85.0,85.0,83.71,34.21,72.34
560.368,94.02,84.99,85.0,85.0,83.71,34.21,72.34
560.368,94.02,84.99,85.0,85.0,83.71,34.21,72.34
560.368,94.02,84.99,85.0,85.0,83.71,34.21,72.34
560.368,94.02,84.99,85.0,85.0,83.71,34.21,72.34
560.368,94.02,84.99,85.0,85.0,83.71,34.21,72.34
560.368,94.02,84.99,85.0,85.0,83.71,34.21,72.34
560.513,94.02,84.99,85.0,85.0,,34.21,
560.513,94.02,84.99,85.0,85.0,,34.21,
560.513,94.02,84.99,85.0,85.0,,34.21,
560.513,94.02,84.99,85.0,85.0,,34.21,
560.513,94.02,84.99,85.0,85.0,,34.21,
560.664,94.03,84.99,85.0,85.0,,34.21,
560.664,94.03,84.99,85.0,85.0,,34.21,
560.664,94.03,84.99,85.0,85.0,,34.21,
560.664,94.03,84.99,85.0,85.0,,34.21,
560.664,94.03,84.99,85.0,85.0,,34.21,
560.819,94.02,84.99,85.0,85.0,,34.21,
560.819,94.02,84.99,85.0,85.0,,34.21,
560.819,94.02,84.99,85.0,85.0,,34.21,
560.819,94.02,84.99,85.0,85.0,,34.21,
560.819,94.02,84.99,85.0,85.0,,34.21,
560.965,94.03,84.99,85.0,85.0,83.85,34.21,72.44
560.965,94.03,84.99,85.0,85.0,83.85,34.21,72.44
560.965,94.03,84.99,85.0,85.0,83.85,34.21,72.44
560.965,94.03,84.99,85.0,85.0,83.85,34.21,72.44
560.965,94.03,84.99,85.0,85.0,83.85,34.21,72.44
560.965,94.03,84.99,85.0,85.0,83.85,34.21,72.44
560.965,94.03,84.99,85.0,85.0,83.85,34.21,72.44
561.114,94.02,84.99,85.0,85.0,,34.21,
561.114,94.02,84.99,85.0,85.0,,34.21,
561.114,94.02,84.99,85.0,85.0,,34.21,
561.114,94.02,84.99,85.0,85.0,,34.21,
561.114,94.02,84.99,85.0,85.0,,34.21,
561.267,94.03,84.99,85.0,85.0,,34.21,
561.267,94.03,84.99,85.0,85.0,,34.21,
561.267,94.03,84.99,85.0,85.0,,34.21,
561.267,94.03,84.99,85.0,85.0,,34.21,
561.267,94.03,84.99,85.0,85.0,,34.21,
561.415,94.03,84.99,85.0,85.0,,34.2,
561.415,94.03,84.99,85.0,85.0,,34.2,
561.415,94.03,84.99,85.0,85.0,,34.2,
561.415,94.03,84.99,85.0,85.0,,34.2,
561.415,94.03,84.99,85.0,85.0,,34.2,
561.565,94.03,84.99,85.0,85.0,83.95,34.2,72.54
561.565,94.03,84.99,85.0,85.0,83.95,34.2,72.54
561.565,94.03,84.99,85.0,85.0,83.95,34.2,72.54
561.565,94.03,84.99,85.0,85.0,83.95,34.2,72.54
561.565,94.03,84.99,85.0,85.0,83.95,34.2,72.54
561.565,94.03,84.99,85.0,85.0,83.95,34.2,72.54
561.565,94.03,84.99,85.0,85.0,83.95,34.2,72.54
561.715,94.04,84.99,85.0,85.0,,34.2,
561.715,94.04,84.99,85.0,85.0,,34.2,
561.715,94.04,84.99,85.0,85.0,,34.2,
561.715,94.04,84.99,85.0,85.0,,34.2,
561.715,94.04,84.99,85.0,85.0,,34.2,
561.866,94.04,84.99,85.0,85.0,,34.2,
561.866,94.04,84.99,85.0,85.0,,34.2,
561.866,94.04,84.99,85.0,85.0,,34.2,
561.866,94.04,84.99,85.0,85.0,,34.2,
561.866,94.04,84.99,85.0,85.0,,34.2,
562.014,94.03,84.99,85.0,85.0,,34.2,
562.014,94.03,84.99,85.0,85.0,,34.2,
562.014,94.03,84.99,85.0,85.0,,34.2,
562.014,94.03,84.99,85.0,85.0,,34.2,
562.014,94.03,84.99,85.0,85.0,,34.2,
562.165,94.02,84.99,85.0,85.0,83.87,34.19,72.52
562.165,94.02,84.99,85.0,85.0,83.87,34.19,72.52
562.165,94.02,84.99,85.0,85.0,83.87,34.19,72.52
562.165,94.02,84.99,85.0,85.0,83.87,34.19,72.52
562.165,94.02,84.99,85.0,85.0,83.87,34.19,72.52
562.165,94.02,84.99,85.0,85.0,83.87,34.19,72.52
562.165,94.02,84.99,85.0,85.0,83.87,34.19,72.52
562.316,94.03,84.99,85.0,85.0,,34.19,
562.316,94.03,84.99,85.0,85.0,,34.19,
562.316,94.03,84.99,85.0,85.0,,34.19,
562.316,94.03,84.99,85.0,85.0,,34.19,
562.316,94.03,84.99,85.0,85.0,,34.19,
562.465,94.03,84.99,85.0,85.0,,34.19,
562.465,94.03,84.99,85.0,85.0,,34.19,
562.465,94.03,84.99,85.0,85.0,,34.19,
562.465,94.03,84.99,85.0,85.0,,34.19,
562.465,94.03,84.99,85.0,85.0,,34.19,
562.615,94.03,84.99,85.0,85.0,,34.19,
562.615,94.03,84.99,85.0,85.0,,34.19,
562.615,94.03,84.99,85.0,85.0,,34.19,
562.615,94.03,84.99,85.0,85.0,,34.19,
562.615,94.03,84.99,85.0,85.0,,34.19,
562.769,94.04,84.99,85.0,85.0,83.97,34.19,72.69
562.769,94.04,84.99,85.0,85.0,83.97,34.19,72.69
562.769,94.04,84.99,85.0,85.0,83.97,34.19,72.69
562.769,94.04,84.99,85.0,85.0,83.97,34.19,72.69
562.769,94.04,84.99,85.0,85.0,83.97,34.19,72.69
562.769,94.04,84.99,85.0,85.0,83.97,34.19,72.69
562.769,94.04,84.99,85.0,85.0,83.97,34.19,72.69
562.916,94.02,84.99,85.0,85.0,,34.19,
562.916,94.02,84.99,85.0,85.0,,34.19,
562.916,94.02,84.99,85.0,85.0,,34.19,
562.916,94.02,84.99,85.0,85.0,,34.19,
562.916,94.02,84.99,85.0,85.0,,34.19,
563.066,94.04,84.99,85.0,85.0,,34.19,
563.066,94.04,84.99,85.0,85.0,,34.19,
563.066,94.04,84.99,85.0,85.0,,34.19,
563.066,94.04,84.99,85.0,85.0,,34.19,
563.066,94.04,84.99,85.0,85.0,,34.19,
563.219,94.04,85.0,85.0,85.0,,34.19,
563.219,94.04,85.0,85.0,85.0,,34.19,
563.219,94.04,85.0,85.0,85.0,,34.19,
563.219,94.04,85.0,85.0,85.0,,34.19,
563.219,94.04,85.0,85.0,85.0,,34.19,
563.364,94.04,85.0,85.0,85.0,84.03,34.18,72.65
563.364,94.04,85.0,85.0,85.0,84.03,34.18,72.65
563.364,94.04,85.0,85.0,85.0,84.03,34.18,72.65
563.364,94.04,85.0,85.0,85.0,84.03,34.18,72.65
563.364,94.04,85.0,85.0,85.0,84.03,34.18,72.65
563.364,94.04,85.0,85.0,85.0,84.03,34.18,72.65
563.364,94.04,85.0,85.0,85.0,84.03,34.18,72.65
563.514,94.04,85.0,85.0,85.0,,34.18,
563.514,94.04,85.0,85.0,85.0,,34.18,
563.514,94.04,85.0,85.0,85.0,,34.18,
563.514,94.04,85.0,85.0,85.0,,34.18,
563.514,94.04,85.0,85.0,85.0,,34.18,
563.669,94.03,85.0,85.0,85.0,,34.18,
563.669,94.03,85.0,85.0,85.0,,34.18,
563.669,94.03,85.0,85.0,85.0,,34.18,
563.669,94.03,85.0,85.0,85.0,,34.18,
563.669,94.03,85.0,85.0,85.0,,34.18,
563.814,94.04,85.0,85.0,85.0,,34.18,
563.814,94.04,85.0,85.0,85.0,,34.18,
563.814,94.04,85.0,85.0,85.0,,34.18,
563.814,94.04,85.0,85.0,85.0,,34.18,
563.814,94.04,85.0,85.0,85.0,,34.18,
563.964,94.04,85.0,85.0,85.0,83.91,34.19,72.7
563.964,94.04,85.0,85.0,85.0,83.91,34.19,72.7
563.964,94.04,85.0,85.0,85.0,83.91,34.19,72.7
563.964,94.04,85.0,85.0,85.0,83.91,34.19,72.7
563.964,94.04,85.0,85.0,85.0,83.91,34.19,72.7
563.964,94.04,85.0,85.0,85.0,83.91,34.19,72.7
563.964,94.04,85.0,85.0,85.0,83.91,34.19,72.7
564.12,94.03,85.0,85.0,85.0,,34.18,
564.12,94.03,85.0,85.0,85.0,,34.18,
564.12,94.03,85.0,85.0,85.0,,34.18,
564.12,94.03,85.0,85.0,85.0,,34.18,
564.12,94.03,85.0,85.0,85.0,,34.18,
564.265,94.04,85.0,85.0,85.0,,34.18,
564.265,94.04,85.0,85.0,85.0,,34.18,
564.265,94.04,85.0,85.0,85.0,,34.18,
564.265,94.04,85.0,85.0,85.0,,34.18,
564.265,94.04,85.0,85.0,85.0,,34.18,
564.415,94.04,85.0,85.0,85.0,,34.18,
564.415,94.04,85.0,85.0,85.0,,34.18,
564.415,94.04,85.0,85.0,85.0,,34.18,
564.415,94.04,85.0,85.0,85.0,,34.18,
564.415,94.04,85.0,85.0,85.0,,34.18,
564.569,94.03,85.0,85.0,85.0,84.01,34.18,72.78
564.569,94.03,85.0,85.0,85.0,84.01,34.18,72.78
564.569,94.03,85.0,85.0,85.0,84.01,34.18,72.78
564.569,94.03,85.0,85.0,85.0,84.01,34.18,72.78
564.569,94.03,85.0,85.0,85.0,84.01,34.18,72.78
564.569,94.03,85.0,85.0,85.0,84.01,34.18,72.78
564.569,94.03,85.0,85.0,85.0,84.01,34.18,72.78
564.714,94.02,85.0,85.0,85.0,,34.17,
564.714,94.02,85.0,85.0,85.0,,34.17,
564.714,94.02,85.0,85.0,85.0,,34.17,
564.714,94.02,85.0,85.0,85.0,,34.17,
564.714,94.02,85.0,85.0,85.0,,34.17,
564.865,94.02,85.0,85.0,85.0,,34.17,
564.865,94.02,85.0,85.0,85.0,,34.17,
564.865,94.02,85.0,85.0,85.0,,34.17,
564.865,94.02,85.0,85.0,85.0,,34.17,
564.865,94.02,85.0,85.0,85.0,,34.17,
565.019,94.03,85.0,85.0,85.0,,34.17,
565.019,94.03,85.0,85.0,85.0,,34.17,
565.019,94.03,85.0,85.0,85.0,,34.17,
565.019,94.03,85.0,85.0,85.0,,34.17,
565.019,94.03,85.0,85.0,85.0,,34.17,
565.174,94.01,85.0,85.0,85.0,83.97,34.17,72.8
565.174,94.01,85.0,85.0,85.0,83.97,34.17,72.8
565.174,94.01,85.0,85.0,85.0,83.97,34.17,72.8
565.174,94.01,85.0,85.0,85.0,83.97,34.17,72.8
565.174,94.01,85.0,85.0,85.0,83.97,34.17,72.8
565.174,94.01,85.0,85.0,85.0,83.97,34.17,72.8
565.174,94.01,85.0,85.0,85.0,83.97,34.17,72.8
565.324,94.02,85.0,85.0,85.0,,34.17,
565.324,94.02,85.0,85.0,85.0,,34.17,
565.324,94.02,85.0,85.0,85.0,,34.17,
565.324,94.02,85.0,85.0,85.0,,34.17,
565.324,94.02,85.0,85.0,85.0,,34.17,
565.475,94.05,85.0,85.0,85.0,,34.17,
565.475,94.05,85.0,85.0,85.0,,34.17,
565.475,94.05,85.0,85.0,85.0,,34.17,
565.475,94.05,85.0,85.0,85.0,,34.17,
565.475,94.05,85.0,85.0,85.0,,34.17,
565.624,94.06,85.0,85.0,85.0,,34.17,
565.624,94.06,85.0,85.0,85.0,,34.17,
565.624,94.06,85.0,85.0,85.0,,34.17,
565.624,94.06,85.0,85.0,85.0,,34.17,
565.624,94.06,85.0,85.0,85.0,,34.17,
565.773,94.04,85.0,85.0,85.0,84.12,34.16,72.9
565.773,94.04,85.0,85.0,85.0,84.12,34.16,72.9
565.773,94.04,85.0,85.0,85.0,84.12,34.16,72.9
565.773,94.04,85.0,85.0,85.0,84.12,34.16,72.9
565.773,94.04,85.0,85.0,85.0,84.12,34.16,72.9
565.773,94.04,85.0,85.0,85.0,84.12,34.16,72.9
565.773,94.04,85.0,85.0,85.0,84.12,34.16,72.9
565.925,94.02,85.0,85.0,85.0,,34.16,
565.925,94.02,85.0,85.0,85.0,,34.16,
565.925,94.02,85.0,85.0,85.0,,34.16,
565.925,94.02,85.0,85.0,85.0,,34.16,
565.925,94.02,85.0,85.0,85.0,,34.16,
566.073,94.02,85.0,85.0,85.0,,34.16,
566.073,94.02,85.0,85.0,85.0,,34.16,
566.073,94.02,85.0,85.0,85.0,,34.16,
566.073,94.02,85.0,85.0,85.0,,34.16,
566.073,94.02,85.0,85.0,85.0,,34.16,
566.224,94.02,85.0,85.0,85.0,84.11,34.16,72.88
566.224,94.02,85.0,85.0,85.0,84.11,34.16,72.88
566.224,94.02,85.0,85.0,85.0,84.11,34.16,72.88
566.224,94.02,85.0,85.0,85.0,84.11,34.16,72.88
566.224,94.02,85.0,85.0,85.0,84.11,34.16,72.88
566.224,94.02,85.0,85.0,85.0,84.11,34.16,72.88
566.224,94.02,85.0,85.0,85.0,84.11,34.16,72.88
566.375,94.02,85.0,85.0,85.0,,34.16,
566.375,94.02,85.0,85.0,85.0,,34.16,
566.375,94.02,85.0,85.0,85.0,,34.16,
566.375,94.02,85.0,85.0,85.0,,34.16,
566.375,94.02,85.0,85.0,85.0,,34.16,
566.523,94.04,85.0,85.0,85.0,,34.16,
566.523,94.04,85.0,85.0,85.0,,34.16,
566.523,94.04,85.0,85.0,85.0,,34.16,
566.523,94.04,85.0,85.0,85.0,,34.16,
566.523,94.04,85.0,85.0,85.0,,34.16,
566.674,94.03,85.0,85.0,85.0,,34.15,
566.674,94.03,85.0,85.0,85.0,,34.15,
566.674,94.03,85.0,85.0,85.0,,34.15,
566.674,94.03,85.0,85.0,85.0,,34.15,
566.674,94.03,85.0,85.0,85.0,,34.15,
566.825,94.02,85.0,85.0,85.0,84.13,34.15,72.92
566.825,94.02,85.0,85.0,85.0,84.13,34.15,72.92
566.825,94.02,85.0,85.0,85.0,84.13,34.15,72.92
566.825,94.02,85.0,85.0,85.0,84.13,34.15,72.92
566.825,94.02,85.0,85.0,85.0,84.13,34.15,72.92
566.825,94.02,85.0,85.0,85.0,84.13,34.15,72.92
566.825,94.02,85.0,85.0,85.0,84.13,34.15,72.92
566.973,94.03,85.0,85.0,85.0,,34.15,
566.973,94.03,85.0,85.0,85.0,,34.15,
566.973,94.03,85.0,85.0,85.0,,34.15,
566.973,94.03,85.0,85.0,85.0,,34.15,
566.973,94.03,85.0,85.0,85.0,,34.15,
567.124,94.03,85.0,85.0,85.0,,34.15,
567.124,94.03,85.0,85.0,85.0,,34.15,
567.124,94.03,85.0,85.0,85.0,,34.15,
567.124,94.03,85.0,85.0,85.0,,34.15,
567.124,94.03,85.0,85.0,85.0,,34.15,
567.278,94.03,85.0,85.0,85.0,,34.15,
567.278,94.03,85.0,85.0,85.0,,34.15,
567.278,94.03,85.0,85.0,85.0,,34.15,
567.278,94.03,85.0,85.0,85.0,,34.15,
567.278,94.03,85.0,85.0,85.0,,34.15,
567.424,94.03,85.0,85.0,85.0,,34.15,
567.424,94.03,85.0,85.0,85.0,,34.15,
567.424,94.03,85.0,85.0,85.0,,34.15,
567.424,94.03,85.0,85.0,85.0,,34.15,
567.424,94.03,85.0,85.0,85.0,,34.15,
567.491,,,,,84.2,,72.97
567.491,,,,,84.2,,72.97
567.574,94.02,85.0,85.0,85.0,,34.15,
567.574,94.02,85.0,85.0,85.0,,34.15,
567.574,94.02,85.0,85.0,85.0,,34.15,
567.574,94.02,85.0,85.0,85.0,,34.15,
567.574,94.02,85.0,85.0,85.0,,34.15,
567.726,94.02,85.0,85.0,85.0,,34.14,
567.726,94.02,85.0,85.0,85.0,,34.14,
567.726,94.02,85.0,85.0,85.0,,34.14,
567.726,94.02,85.0,85.0,85.0,,34.14,
567.726,94.02,85.0,85.0,85.0,,34.14,
567.874,94.02,85.0,85.0,85.0,,34.15,
567.874,94.02,85.0,85.0,85.0,,34.15,
567.874,94.02,85.0,85.0,85.0,,34.15,
567.874,94.02,85.0,85.0,85.0,,34.15,
567.874,94.02,85.0,85.0,85.0,,34.15,
568.023,94.01,85.0,85.0,85.0,84.09,34.14,72.91
568.023,94.01,85.0,85.0,85.0,84.09,34.14,72.91
568.023,94.01,85.0,85.0,85.0,84.09,34.14,72.91
568.023,94.01,85.0,85.0,85.0,84.09,34.14,72.91
568.023,94.01,85.0,85.0,85.0,84.09,34.14,72.91
568.023,94.01,85.0,85.0,85.0,84.09,34.14,72.91
568.023,94.01,85.0,85.0,85.0,84.09,34.14,72.91
568.174,94.01,85.0,85.0,85.0,,34.14,
568.174,94.01,85.0,85.0,85.0,,34.14,
568.174,94.01,85.0,85.0,85.0,,34.14,
568.174,94.01,85.0,85.0,85.0,,34.14,
568.174,94.01,85.0,85.0,85.0,,34.14,
568.324,94.02,85.0,85.0,85.0,,34.14,
568.324,94.02,85.0,85.0,85.0,,34.14,
568.324,94.02,85.0,85.0,85.0,,34.14,
568.324,94.02,85.0,85.0,85.0,,34.14,
568.324,94.02,85.0,85.0,85.0,,34.14,
568.474,94.02,85.0,85.0,85.0,,34.14,
568.474,94.02,85.0,85.0,85.0,,34.14,
568.474,94.02,85.0,85.0,85.0,,34.14,
568.474,94.02,85.0,85.0,85.0,,34.14,
568.474,94.02,85.0,85.0,85.0,,34.14,
568.624,94.02,85.0,85.0,85.0,84.21,34.14,73.06
568.624,94.02,85.0,85.0,85.0,84.21,34.14,73.06
568.624,94.02,85.0,85.0,85.0,84.21,34.14,73.06
568.624,94.02,85.0,85.0,85.0,84.21,34.14,73.06
568.624,94.02,85.0,85.0,85.0,84.21,34.14,73.06
568.624,94.02,85.0,85.0,85.0,84.21,34.14,73.06
568.624,94.02,85.0,85.0,85.0,84.21,34.14,73.06
568.774,94.01,85.0,85.0,85.0,,34.14,
568.774,94.01,85.0,85.0,85.0,,34.14,
568.774,94.01,85.0,85.0,85.0,,34.14,
568.774,94.01,85.0,85.0,85.0,,34.14,
568.774,94.01,85.0,85.0,85.0,,34.14,
568.924,94.02,85.0,85.0,85.0,,34.13,
568.924,94.02,85.0,85.0,85.0,,34.13,
568.924,94.02,85.0,85.0,85.0,,34.13,
568.924,94.02,85.0,85.0,85.0,,34.13,
568.924,94.02,85.0,85.0,85.0,,34.13,
569.073,94.01,85.0,85.0,85.0,,34.14,
569.073,94.01,85.0,85.0,85.0,,34.14,
569.073,94.01,85.0,85.0,85.0,,34.14,
569.073,94.01,85.0,85.0,85.0,,34.14,
569.073,94.01,85.0,85.0,85.0,,34.14,
569.224,94.01,85.0,85.0,85.0,84.23,34.13,73.04
569.224,94.01,85.0,85.0,85.0,84.23,34.13,73.04
569.224,94.01,85.0,85.0,85.0,84.23,34.13,73.04
569.224,94.01,85.0,85.0,85.0,84.23,34.13,73.04
569.224,94.01,85.0,85.0,85.0,84.23,34.13,73.04
569.224,94.01,85.0,85.0,85.0,84.23,34.13,73.04
569.224,94.01,85.0,85.0,85.0,84.23,34.13,73.04
569.374,94.02,85.0,85.0,85.0,,34.13,
569.374,94.02,85.0,85.0,85.0,,34.13,
569.374,94.02,85.0,85.0,85.0,,34.13,
569.374,94.02,85.0,85.0,85.0,,34.13,
569.374,94.02,85.0,85.0,85.0,,34.13,
569.524,94.02,85.0,85.0,85.0,,34.13,
569.524,94.02,85.0,85.0,85.0,,34.13,
569.524,94.02,85.0,85.0,85.0,,34.13,
569.524,94.02,85.0,85.0,85.0,,34.13,
569.524,94.02,85.0,85.0,85.0,,34.13,
569.673,94.01,85.0,85.0,85.0,,34.13,
569.673,94.01,85.0,85.0,85.0,,34.13,
569.673,94.01,85.0,85.0,85.0,,34.13,
569.673,94.01,85.0,85.0,85.0,,34.13,
569.673,94.01,85.0,85.0,85.0,,34.13,
569.823,94.02,85.0,85.0,85.0,84.25,34.13,73.16
569.823,94.02,85.0,85.0,85.0,84.25,34.13,73.16
569.823,94.02,85.0,85.0,85.0,84.25,34.13,73.16
569.823,94.02,85.0,85.0,85.0,84.25,34.13,73.16
569.823,94.02,85.0,85.0,85.0,84.25,34.13,73.16
569.823,94.02,85.0,85.0,85.0,84.25,34.13,73.16
569.823,94.02,85.0,85.0,85.0,84.25,34.13,73.16
569.974,94.02,85.0,85.0,85.0,,34.13,
569.974,94.02,85.0,85.0,85.0,,34.13,
569.974,94.02,85.0,85.0,85.0,,34.13,
569.974,94.02,85.0,85.0,85.0,,34.13,
569.974,94.02,85.0,85.0,85.0,,34.13,
570.124,94.02,85.0,85.0,85.0,,34.13,
570.124,94.02,85.0,85.0,85.0,,34.13,
570.124,94.02,85.0,85.0,85.0,,34.13,
570.124,94.02,85.0,85.0,85.0,,34.13,
570.124,94.02,85.0,85.0,85.0,,34.13,
570.273,94.03,85.0,85.0,85.0,,34.13,
570.273,94.03,85.0,85.0,85.0,,34.13,
570.273,94.03,85.0,85.0,85.0,,34.13,
570.273,94.03,85.0,85.0,85.0,,34.13,
570.273,94.03,85.0,85.0,85.0,,34.13,
570.424,94.03,85.0,85.0,85.0,84.31,34.12,73.17
570.424,94.03,85.0,85.0,85.0,84.31,34.12,73.17
570.424,94.03,85.0,85.0,85.0,84.31,34.12,73.17
570.424,94.03,85.0,85.0,85.0,84.31,34.12,73.17
570.424,94.03,85.0,85.0,85.0,84.31,34.12,73.17
570.424,94.03,85.0,85.0,85.0,84.31,34.12,73.17
570.424,94.03,85.0,85.0,85.0,84.31,34.12,73.17
570.573,94.02,85.0,85.0,85.0,,34.12,
570.573,94.02,85.0,85.0,85.0,,34.12,
570.573,94.02,85.0,85.0,85.0,,34.12,
570.573,94.02,85.0,85.0,85.0,,34.12,
570.573,94.02,85.0,85.0,85.0,,34.12,
570.725,94.01,85.0,85.0,85.0,,34.12,
570.725,94.01,85.0,85.0,85.0,,34.12,
570.725,94.01,85.0,85.0,85.0,,34.12,
570.725,94.01,85.0,85.0,85.0,,34.12,
570.725,94.01,85.0,85.0,85.0,,34.12,
570.874,94.02,85.0,85.0,85.0,,34.12,
570.874,94.02,85.0,85.0,85.0,,34.12,
570.874,94.02,85.0,85.0,85.0,,34.12,
570.874,94.02,85.0,85.0,85.0,,34.12,
570.874,94.02,85.0,85.0,85.0,,34.12,
571.024,94.03,85.0,85.0,85.0,84.34,34.12,73.26
571.024,94.03,85.0,85.0,85.0,84.34,34.12,73.26
571.024,94.03,85.0,85.0,85.0,84.34,34.12,73.26
571.024,94.03,85.0,85.0,85.0,84.34,34.12,73.26
571.024,94.03,85.0,85.0,85.0,84.34,34.12,73.26
571.024,94.03,85.0,85.0,85.0,84.34,34.12,73.26
571.024,94.03,85.0,85.0,85.0,84.34,34.12,73.26
571.178,94.03,85.0,85.0,85.0,,34.11,
571.178,94.03,85.0,85.0,85.0,,34.11,
571.178,94.03,85.0,85.0,85.0,,34.11,
571.178,94.03,85.0,85.0,85.0,,34.11,
571.178,94.03,85.0,85.0,85.0,,34.11,
571.324,94.03,85.0,85.0,85.0,,34.12,
571.324,94.03,85.0,85.0,85.0,,34.12,
571.324,94.03,85.0,85.0,85.0,,34.12,
571.324,94.03,85.0,85.0,85.0,,34.12,
571.324,94.03,85.0,85.0,85.0,,34.12,
571.474,94.04,85.0,85.0,85.0,,34.12,
571.474,94.04,85.0,85.0,85.0,,34.12,
571.474,94.04,85.0,85.0,85.0,,34.12,
571.474,94.04,85.0,85.0,85.0,,34.12,
571.474,94.04,85.0,85.0,85.0,,34.12,
571.628,94.04,85.0,85.0,85.0,84.31,34.12,73.24
571.628,94.04,85.0,85.0,85.0,84.31,34.12,73.24
571.628,94.04,85.0,85.0,85.0,84.31,34.12,73.24
571.628,94.04,85.0,85.0,85.0,84.31,34.12,73.24
571.628,94.04,85.0,85.0,85.0,84.31,34.12,73.24
571.628,94.04,85.0,85.0,85.0,84.31,34.12,73.24
571.628,94.04,85.0,85.0,85.0,84.31,34.12,73.24
571.773,94.02,85.0,85.0,85.0,,34.12,
571.773,94.02,85.0,85.0,85.0,,34.12,
571.773,94.02,85.0,85.0,85.0,,34.12,
571.773,94.02,85.0,85.0,85.0,,34.12,
571.773,94.02,85.0,85.0,85.0,,34.12,
571.924,94.03,85.0,85.0,85.0,,34.12,
571.924,94.03,85.0,85.0,85.0,,34.12,
571.924,94.03,85.0,85.0,85.0,,34.12,
571.924,94.03,85.0,85.0,85.0,,34.12,
571.924,94.03,85.0,85.0,85.0,,34.12,
572.077,94.02,85.0,85.0,85.0,,34.11,
572.077,94.02,85.0,85.0,85.0,,34.11,
572.077,94.02,85.0,85.0,85.0,,34.11,
572.077,94.02,85.0,85.0,85.0,,34.11,
572.077,94.02,85.0,85.0,85.0,,34.11,
572.224,94.01,85.0,85.0,85.0,84.34,34.11,73.25
572.224,94.01,85.0,85.0,85.0,84.34,34.11,73.25
572.224,94.01,85.0,85.0,85.0,84.34,34.11,73.25
572.224,94.01,85.0,85.0,85.0,84.34,34.11,73.25
572.224,94.01,85.0,85.0,85.0,84.34,34.11,73.25
572.224,94.01,85.0,85.0,85.0,84.34,34.11,73.25
572.224,94.01,85.0,85.0,85.0,84.34,34.11,73.25
572.373,94.02,85.0,85.0,85.0,,34.11,
572.373,94.02,85.0,85.0,85.0,,34.11,
572.373,94.02,85.0,85.0,85.0,,34.11,
572.373,94.02,85.0,85.0,85.0,,34.11,
572.373,94.02,85.0,85.0,85.0,,34.11,
572.527,94.02,85.0,85.0,85.0,,34.11,
572.527,94.02,85.0,85.0,85.0,,34.11,
572.527,94.02,85.0,85.0,85.0,,34.11,
572.527,94.02,85.0,85.0,85.0,,34.11,
572.527,94.02,85.0,85.0,85.0,,34.11,
572.674,94.02,85.0,85.0,85.0,,34.11,
572.674,94.02,85.0,85.0,85.0,,34.11,
572.674,94.02,85.0,85.0,85.0,,34.11,
572.674,94.02,85.0,85.0,85.0,,34.11,
572.674,94.02,85.0,85.0,85.0,,34.11,
572.824,94.03,85.0,85.0,85.0,84.37,34.1,73.32
572.824,94.03,85.0,85.0,85.0,84.37,34.1,73.32
572.824,94.03,85.0,85.0,85.0,84.37,34.1,73.32
572.824,94.03,85.0,85.0,85.0,84.37,34.1,73.32
572.824,94.03,85.0,85.0,85.0,84.37,34.1,73.32
572.824,94.03,85.0,85.0,85.0,84.37,34.1,73.32
572.824,94.03,85.0,85.0,85.0,84.37,34.1,73.32
572.978,94.03,85.0,85.0,85.0,,34.1,
572.978,94.03,85.0,85.0,85.0,,34.1,
572.978,94.03,85.0,85.0,85.0,,34.1,
572.978,94.03,85.0,85.0,85.0,,34.1,
572.978,94.03,85.0,85.0,85.0,,34.1,
573.124,94.02,85.0,85.0,85.0,,34.11,
573.124,94.02,85.0,85.0,85.0,,34.11,
573.124,94.02,85.0,85.0,85.0,,34.11,
573.124,94.02,85.0,85.0,85.0,,34.11,
573.124,94.02,85.0,85.0,85.0,,34.11,
573.273,94.02,85.0,85.0,85.0,,34.11,
573.273,94.02,85.0,85.0,85.0,,34.11,
573.273,94.02,85.0,85.0,85.0,,34.11,
573.273,94.02,85.0,85.0,85.0,,34.11,
573.273,94.02,85.0,85.0,85.0,,34.11,
573.426,94.03,85.0,85.0,85.0,84.38,34.1,73.3
573.426,94.03,85.0,85.0,85.0,84.38,34.1,73.3
573.426,94.03,85.0,85.0,85.0,84.38,34.1,73.3
573.426,94.03,85.0,85.0,85.0,84.38,34.1,73.3
573.426,94.03,85.0,85.0,85.0,84.38,34.1,73.3
573.426,94.03,85.0,85.0,85.0,84.38,34.1,73.3
573.426,94.03,85.0,85.0,85.0,84.38,34.1,73.3
573.574,94.02,85.0,85.0,85.0,,34.1,
573.574,94.02,85.0,85.0,85.0,,34.1,
573.574,94.02,85.0,85.0,85.0,,34.1,
573.574,94.02,85.0,85.0,85.0,,34.1,
573.574,94.02,85.0,85.0,85.0,,34.1,
573.724,94.01,85.0,85.0,85.0,,34.1,
573.724,94.01,85.0,85.0,85.0,,34.1,
573.724,94.01,85.0,85.0,85.0,,34.1,
573.724,94.01,85.0,85.0,85.0,,34.1,
573.724,94.01,85.0,85.0,85.0,,34.1,
573.874,94.01,85.0,85.0,85.0,,34.1,
573.874,94.01,85.0,85.0,85.0,,34.1,
573.874,94.01,85.0,85.0,85.0,,34.1,
573.874,94.01,85.0,85.0,85.0,,34.1,
573.874,94.01,85.0,85.0,85.0,,34.1,
574.024,94.02,85.0,85.0,85.0,84.34,34.1,73.4
574.024,94.02,85.0,85.0,85.0,84.34,34.1,73.4
574.024,94.02,85.0,85.0,85.0,84.34,34.1,73.4
574.024,94.02,85.0,85.0,85.0,84.34,34.1,73.4
574.024,94.02,85.0,85.0,85.0,84.34,34.1,73.4
574.024,94.02,85.0,85.0,85.0,84.34,34.1,73.4
574.024,94.02,85.0,85.0,85.0,84.34,34.1,73.4
574.176,94.01,85.0,85.0,85.0,,34.1,
574.176,94.01,85.0,85.0,85.0,,34.1,
574.176,94.01,85.0,85.0,85.0,,34.1,
574.176,94.01,85.0,85.0,85.0,,34.1,
574.176,94.01,85.0,85.0,85.0,,34.1,
574.324,94.03,85.0,85.0,85.0,,34.1,
574.324,94.03,85.0,85.0,85.0,,34.1,
574.324,94.03,85.0,85.0,85.0,,34.1,
574.324,94.03,85.0,85.0,85.0,,34.1,
574.324,94.03,85.0,85.0,85.0,,34.1,
574.475,94.03,85.0,85.0,85.0,,34.1,
574.475,94.03,85.0,85.0,85.0,,34.1,
574.475,94.03,85.0,85.0,85.0,,34.1,
574.475,94.03,85.0,85.0,85.0,,34.1,
574.475,94.03,85.0,85.0,85.0,,34.1,
574.626,94.04,85.0,85.0,85.0,84.4,34.09,73.37
574.626,94.04,85.0,85.0,85.0,84.4,34.09,73.37
574.626,94.04,85.0,85.0,85.0,84.4,34.09,73.37
574.626,94.04,85.0,85.0,85.0,84.4,34.09,73.37
574.626,94.04,85.0,85.0,85.0,84.4,34.09,73.37
574.626,94.04,85.0,85.0,85.0,84.4,34.09,73.37
574.626,94.04,85.0,85.0,85.0,84.4,34.09,73.37
574.774,94.03,85.0,85.0,85.0,,34.1,
574.774,94.03,85.0,85.0,85.0,,34.1,
574.774,94.03,85.0,85.0,85.0,,34.1,
574.774,94.03,85.0,85.0,85.0,,34.1,
574.774,94.03,85.0,85.0,85.0,,34.1,
574.925,94.03,85.0,85.0,85.0,,34.1,
574.925,94.03,85.0,85.0,85.0,,34.1,
574.925,94.03,85.0,85.0,85.0,,34.1,
574.925,94.03,85.0,85.0,85.0,,34.1,
574.925,94.03,85.0,85.0,85.0,,34.1,
575.079,94.04,85.0,85.0,85.0,,34.09,
575.079,94.04,85.0,85.0,85.0,,34.09,
575.079,94.04,85.0,85.0,85.0,,34.09,
575.079,94.04,85.0,85.0,85.0,,34.09,
575.079,94.04,85.0,85.0,85.0,,34.09,
575.225,94.03,85.0,85.0,85.0,,34.09,
575.225,94.03,85.0,85.0,85.0,,34.09,
575.225,94.03,85.0,85.0,85.0,,34.09,
575.225,94.03,85.0,85.0,85.0,,34.09,
575.225,94.03,85.0,85.0,85.0,,34.09,
575.318,,,,,84.44,,73.4
575.318,,,,,84.44,,73.4
575.375,94.03,85.0,85.0,85.0,,34.09,
575.375,94.03,85.0,85.0,85.0,,34.09,
575.375,94.03,85.0,85.0,85.0,,34.09,
575.375,94.03,85.0,85.0,85.0,,34.09,
575.375,94.03,85.0,85.0,85.0,,34.09,
575.529,94.02,85.0,85.0,85.0,,34.08,
575.529,94.02,85.0,85.0,85.0,,34.08,
575.529,94.02,85.0,85.0,85.0,,34.08,
575.529,94.02,85.0,85.0,85.0,,34.08,
575.529,94.02,85.0,85.0,85.0,,34.08,
575.675,94.02,85.0,85.0,85.0,,34.09,
575.675,94.02,85.0,85.0,85.0,,34.09,
575.675,94.02,85.0,85.0,85.0,,34.09,
575.675,94.02,85.0,85.0,85.0,,34.09,
575.675,94.02,85.0,85.0,85.0,,34.09,
575.825,94.03,85.0,85.0,85.0,84.39,34.09,73.49
575.825,94.03,85.0,85.0,85.0,84.39,34.09,73.49
575.825,94.03,85.0,85.0,85.0,84.39,34.09,73.49
575.825,94.03,85.0,85.0,85.0,84.39,34.09,73.49
575.825,94.03,85.0,85.0,85.0,84.39,34.09,73.49
575.825,94.03,85.0,85.0,85.0,84.39,34.09,73.49
575.825,94.03,85.0,85.0,85.0,84.39,34.09,73.49
575.976,94.02,85.0,85.0,85.0,,34.09,
575.976,94.02,85.0,85.0,85.0,,34.09,
575.976,94.02,85.0,85.0,85.0,,34.09,
575.976,94.02,85.0,85.0,85.0,,34.09,
575.976,94.02,85.0,85.0,85.0,,34.09,
576.125,94.02,85.0,85.0,85.0,,34.09,
576.125,94.02,85.0,85.0,85.0,,34.09,
576.125,94.02,85.0,85.0,85.0,,34.09,
576.125,94.02,85.0,85.0,85.0,,34.09,
576.125,94.02,85.0,85.0,85.0,,34.09,
576.275,94.02,85.0,85.0,85.0,,34.09,
576.275,94.02,85.0,85.0,85.0,,34.09,
576.275,94.02,85.0,85.0,85.0,,34.09,
576.275,94.02,85.0,85.0,85.0,,34.09,
576.275,94.02,85.0,85.0,85.0,,34.09,
576.424,94.02,85.0,85.0,85.0,,34.08,
576.424,94.02,85.0,85.0,85.0,,34.08,
576.424,94.02,85.0,85.0,85.0,,34.08,
576.424,94.02,85.0,85.0,85.0,,34.08,
576.424,94.02,85.0,85.0,85.0,,34.08,
576.438,,,,,84.47,,73.54
576.438,,,,,84.47,,73.54
576.577,94.02,85.0,85.0,85.0,,34.08,
576.577,94.02,85.0,85.0,85.0,,34.08,
576.577,94.02,85.0,85.0,85.0,,34.08,
576.577,94.02,85.0,85.0,85.0,,34.08,
576.577,94.02,85.0,85.0,85.0,,34.08,
576.726,94.03,85.0,85.0,85.0,,34.09,
576.726,94.03,85.0,85.0,85.0,,34.09,
576.726,94.03,85.0,85.0,85.0,,34.09,
576.726,94.03,85.0,85.0,85.0,,34.09,
576.726,94.03,85.0,85.0,85.0,,34.09,
576.876,94.02,85.0,85.0,85.0,,34.08,
576.876,94.02,85.0,85.0,85.0,,34.08,
576.876,94.02,85.0,85.0,85.0,,34.08,
576.876,94.02,85.0,85.0,85.0,,34.08,
576.876,94.02,85.0,85.0,85.0,,34.08,
577.027,94.03,85.0,85.0,85.0,84.49,34.09,73.48
577.027,94.03,85.0,85.0,85.0,84.49,34.09,73.48
577.027,94.03,85.0,85.0,85.0,84.49,34.09,73.48
577.027,94.03,85.0,85.0,85.0,84.49,34.09,73.48
577.027,94.03,85.0,85.0,85.0,84.49,34.09,73.48
577.027,94.03,85.0,85.0,85.0,84.49,34.09,73.48
577.027,94.03,85.0,85.0,85.0,84.49,34.09,73.48
577.237,94.03,85.0,85.0,85.0,,34.08,
577.237,94.03,85.0,85.0,85.0,,34.08,
577.237,94.03,85.0,85.0,85.0,,34.08,
577.237,94.03,85.0,85.0,85.0,,34.08,
577.237,94.03,85.0,85.0,85.0,,34.08,
577.366,94.03,85.0,85.0,85.0,,34.08,
577.366,94.03,85.0,85.0,85.0,,34.08,
577.366,94.03,85.0,85.0,85.0,,34.08,
577.366,94.03,85.0,85.0,85.0,,34.08,
577.366,94.03,85.0,85.0,85.0,,34.08,
577.52,94.02,85.0,85.0,85.0,,34.08,
577.52,94.02,85.0,85.0,85.0,,34.08,
577.52,94.02,85.0,85.0,85.0,,34.08,
577.52,94.02,85.0,85.0,85.0,,34.08,
577.52,94.02,85.0,85.0,85.0,,34.08,
577.666,94.01,85.0,85.0,85.0,84.47,34.07,73.57
577.666,94.01,85.0,85.0,85.0,84.47,34.07,73.57
577.666,94.01,85.0,85.0,85.0,84.47,34.07,73.57
577.666,94.01,85.0,85.0,85.0,84.47,34.07,73.57
577.666,94.01,85.0,85.0,85.0,84.47,34.07,73.57
577.666,94.01,85.0,85.0,85.0,84.47,34.07,73.57
577.666,94.01,85.0,85.0,85.0,84.47,34.07,73.57
577.816,94.01,85.0,85.0,85.0,,34.08,
577.816,94.01,85.0,85.0,85.0,,34.08,
577.816,94.01,85.0,85.0,85.0,,34.08,
577.816,94.01,85.0,85.0,85.0,,34.08,
577.816,94.01,85.0,85.0,85.0,,34.08,
577.97,94.01,85.0,85.0,85.0,,34.08,
577.97,94.01,85.0,85.0,85.0,,34.08,
577.97,94.01,85.0,85.0,85.0,,34.08,
577.97,94.01,85.0,85.0,85.0,,34.08,
577.97,94.01,85.0,85.0,85.0,,34.08,
578.116,94.01,85.0,85.0,85.0,,34.07,
578.116,94.01,85.0,85.0,85.0,,34.07,
578.116,94.01,85.0,85.0,85.0,,34.07,
578.116,94.01,85.0,85.0,85.0,,34.07,
578.116,94.01,85.0,85.0,85.0,,34.07,
578.267,94.02,85.0,85.0,85.0,84.51,34.08,73.55
578.267,94.02,85.0,85.0,85.0,84.51,34.08,73.55
578.267,94.02,85.0,85.0,85.0,84.51,34.08,73.55
578.267,94.02,85.0,85.0,85.0,84.51,34.08,73.55
578.267,94.02,85.0,85.0,85.0,84.51,34.08,73.55
578.267,94.02,85.0,85.0,85.0,84.51,34.08,73.55
578.267,94.02,85.0,85.0,85.0,84.51,34.08,73.55
578.421,94.03,85.0,85.0,85.0,,34.08,
578.421,94.03,85.0,85.0,85.0,,34.08,
578.421,94.03,85.0,85.0,85.0,,34.08,
578.421,94.03,85.0,85.0,85.0,,34.08,
578.421,94.03,85.0,85.0,85.0,,34.08,
578.567,94.03,85.0,85.0,85.0,,34.08,
578.567,94.03,85.0,85.0,85.0,,34.08,
578.567,94.03,85.0,85.0,85.0,,34.08,
578.567,94.03,85.0,85.0,85.0,,34.08,
578.567,94.03,85.0,85.0,85.0,,34.08,
578.717,94.02,85.0,85.0,85.0,,34.07,
578.717,94.02,85.0,85.0,85.0,,34.07,
578.717,94.02,85.0,85.0,85.0,,34.07,
578.717,94.02,85.0,85.0,85.0,,34.07,
578.717,94.02,85.0,85.0,85.0,,34.07,
578.871,94.02,85.0,85.0,85.0,84.52,34.07,73.62
578.871,94.02,85.0,85.0,85.0,84.52,34.07,73.62
578.871,94.02,85.0,85.0,85.0,84.52,34.07,73.62
578.871,94.02,85.0,85.0,85.0,84.52,34.07,73.62
578.871,94.02,85.0,85.0,85.0,84.52,34.07,73.62
578.871,94.02,85.0,85.0,85.0,84.52,34.07,73.62
578.871,94.02,85.0,85.0,85.0,84.52,34.07,73.62
579.018,94.01,85.0,85.0,85.0,,34.07,
579.018,94.01,85.0,85.0,85.0,,34.07,
579.018,94.01,85.0,85.0,85.0,,34.07,
579.018,94.01,85.0,85.0,85.0,,34.07,
579.018,94.01,85.0,85.0,85.0,,34.07,
579.169,94.01,85.0,85.0,85.0,,34.07,
579.169,94.01,85.0,85.0,85.0,,34.07,
579.169,94.01,85.0,85.0,85.0,,34.07,
579.169,94.01,85.0,85.0,85.0,,34.07,
579.169,94.01,85.0,85.0,85.0,,34.07,
579.323,94.02,85.0,85.0,85.0,,34.07,
579.323,94.02,85.0,85.0,85.0,,34.07,
579.323,94.02,85.0,85.0,85.0,,34.07,
579.323,94.02,85.0,85.0,85.0,,34.07,
579.323,94.02,85.0,85.0,85.0,,34.07,
579.469,94.02,85.0,85.0,85.0,84.63,34.07,73.72
579.469,94.02,85.0,85.0,85.0,84.63,34.07,73.72
579.469,94.02,85.0,85.0,85.0,84.63,34.07,73.72
579.469,94.02,85.0,85.0,85.0,84.63,34.07,73.72
579.469,94.02,85.0,85.0,85.0,84.63,34.07,73.72
579.469,94.02,85.0,85.0,85.0,84.63,34.07,73.72
579.469,94.02,85.0,85.0,85.0,84.63,34.07,73.72
579.618,94.04,85.0,85.0,85.0,,34.07,
579.618,94.04,85.0,85.0,85.0,,34.07,
579.618,94.04,85.0,85.0,85.0,,34.07,
579.618,94.04,85.0,85.0,85.0,,34.07,
579.618,94.04,85.0,85.0,85.0,,34.07,
579.773,94.04,85.0,85.0,85.0,,34.07,
579.773,94.04,85.0,85.0,85.0,,34.07,
579.773,94.04,85.0,85.0,85.0,,34.07,
579.773,94.04,85.0,85.0,85.0,,34.07,
579.773,94.04,85.0,85.0,85.0,,34.07,
579.92,94.02,85.0,85.0,85.0,,34.07,
579.92,94.02,85.0,85.0,85.0,,34.07,
579.92,94.02,85.0,85.0,85.0,,34.07,
579.92,94.02,85.0,85.0,85.0,,34.07,
579.92,94.02,85.0,85.0,85.0,,34.07,
580.071,94.02,85.0,85.0,85.0,84.59,34.06,73.62
580.071,94.02,85.0,85.0,85.0,84.59,34.06,73.62
580.071,94.02,85.0,85.0,85.0,84.59,34.06,73.62
580.071,94.02,85.0,85.0,85.0,84.59,34.06,73.62
580.071,94.02,85.0,85.0,85.0,84.59,34.06,73.62
580.071,94.02,85.0,85.0,85.0,84.59,34.06,73.62
580.071,94.02,85.0,85.0,85.0,84.59,34.06,73.62
580.232,94.01,85.0,85.0,85.0,,34.06,
580.232,94.01,85.0,85.0,85.0,,34.06,
580.232,94.01,85.0,85.0,85.0,,34.06,
580.232,94.01,85.0,85.0,85.0,,34.06,
580.232,94.01,85.0,85.0,85.0,,34.06,
580.371,94.01,85.0,85.0,85.0,,34.07,
580.371,94.01,85.0,85.0,85.0,,34.07,
580.371,94.01,85.0,85.0,85.0,,34.07,
580.371,94.01,85.0,85.0,85.0,,34.07,
580.371,94.01,85.0,85.0,85.0,,34.07,
580.522,94.02,85.0,85.0,85.0,,34.07,
580.522,94.02,85.0,85.0,85.0,,34.07,
580.522,94.02,85.0,85.0,85.0,,34.07,
580.522,94.02,85.0,85.0,85.0,,34.07,
580.522,94.02,85.0,85.0,85.0,,34.07,
580.676,94.01,85.0,85.0,85.0,84.62,34.06,73.73
580.676,94.01,85.0,85.0,85.0,84.62,34.06,73.73
580.676,94.01,85.0,85.0,85.0,84.62,34.06,73.73
580.676,94.01,85.0,85.0,85.0,84.62,34.06,73.73
580.676,94.01,85.0,85.0,85.0,84.62,34.06,73.73
580.676,94.01,85.0,85.0,85.0,84.62,34.06,73.73
580.676,94.01,85.0,85.0,85.0,84.62,34.06,73.73
580.822,94.02,85.0,85.0,85.0,,34.06,
580.822,94.02,85.0,85.0,85.0,,34.06,
580.822,94.02,85.0,85.0,85.0,,34.06,
580.822,94.02,85.0,85.0,85.0,,34.06,
580.822,94.02,85.0,85.0,85.0,,34.06,
580.972,94.0,85.0,85.0,85.0,,34.06,
580.972,94.0,85.0,85.0,85.0,,34.06,
580.972,94.0,85.0,85.0,85.0,,34.06,
580.972,94.0,85.0,85.0,85.0,,34.06,
580.972,94.0,85.0,85.0,85.0,,34.06,
581.126,94.0,85.0,85.0,85.0,,34.06,
581.126,94.0,85.0,85.0,85.0,,34.06,
581.126,94.0,85.0,85.0,85.0,,34.06,
581.126,94.0,85.0,85.0,85.0,,34.06,
581.126,94.0,85.0,85.0,85.0,,34.06,
581.272,94.01,85.0,85.0,85.0,84.6,34.06,73.73
581.272,94.01,85.0,85.0,85.0,84.6,34.06,73.73
581.272,94.01,85.0,85.0,85.0,84.6,34.06,73.73
581.272,94.01,85.0,85.0,85.0,84.6,34.06,73.73
581.272,94.01,85.0,85.0,85.0,84.6,34.06,73.73
581.272,94.01,85.0,85.0,85.0,84.6,34.06,73.73
581.272,94.01,85.0,85.0,85.0,84.6,34.06,73.73
581.422,94.01,85.0,85.0,85.0,,34.06,
581.422,94.01,85.0,85.0,85.0,,34.06,
581.422,94.01,85.0,85.0,85.0,,34.06,
581.422,94.01,85.0,85.0,85.0,,34.06,
581.422,94.01,85.0,85.0,85.0,,34.06,
581.576,94.01,85.0,85.0,85.0,,34.06,
581.576,94.01,85.0,85.0,85.0,,34.06,
581.576,94.01,85.0,85.0,85.0,,34.06,
581.576,94.01,85.0,85.0,85.0,,34.06,
581.576,94.01,85.0,85.0,85.0,,34.06,
581.721,94.02,85.0,85.0,85.0,,34.06,
581.721,94.02,85.0,85.0,85.0,,34.06,
581.721,94.02,85.0,85.0,85.0,,34.06,
581.721,94.02,85.0,85.0,85.0,,34.06,
581.721,94.02,85.0,85.0,85.0,,34.06,
581.872,94.02,85.0,85.0,85.0,84.59,34.06,73.79
581.872,94.02,85.0,85.0,85.0,84.59,34.06,73.79
581.872,94.02,85.0,85.0,85.0,84.59,34.06,73.79
581.872,94.02,85.0,85.0,85.0,84.59,34.06,73.79
581.872,94.02,85.0,85.0,85.0,84.59,34.06,73.79
581.872,94.02,85.0,85.0,85.0,84.59,34.06,73.79
581.872,94.02,85.0,85.0,85.0,84.59,34.06,73.79
582.026,94.02,85.0,85.0,85.0,,34.06,
582.026,94.02,85.0,85.0,85.0,,34.06,
582.026,94.02,85.0,85.0,85.0,,34.06,
582.026,94.02,85.0,85.0,85.0,,34.06,
582.026,94.02,85.0,85.0,85.0,,34.06,
582.172,94.02,85.0,85.0,85.0,,34.06,
582.172,94.02,85.0,85.0,85.0,,34.06,
582.172,94.02,85.0,85.0,85.0,,34.06,
582.172,94.02,85.0,85.0,85.0,,34.06,
582.172,94.02,85.0,85.0,85.0,,34.06,
582.321,94.01,85.0,85.0,85.0,,34.05,
582.321,94.01,85.0,85.0,85.0,,34.05,
582.321,94.01,85.0,85.0,85.0,,34.05,
582.321,94.01,85.0,85.0,85.0,,34.05,
582.321,94.01,85.0,85.0,85.0,,34.05,
582.477,94.02,85.0,85.0,85.0,84.69,34.06,73.87
582.477,94.02,85.0,85.0,85.0,84.69,34.06,73.87
582.477,94.02,85.0,85.0,85.0,84.69,34.06,73.87
582.477,94.02,85.0,85.0,85.0,84.69,34.06,73.87
582.477,94.02,85.0,85.0,85.0,84.69,34.06,73.87
582.477,94.02,85.0,85.0,85.0,84.69,34.06,73.87
582.477,94.02,85.0,85.0,85.0,84.69,34.06,73.87
582.621,94.0,85.0,85.0,85.0,,34.05,
582.621,94.0,85.0,85.0,85.0,,34.05,
582.621,94.0,85.0,85.0,85.0,,34.05,
582.621,94.0,85.0,85.0,85.0,,34.05,
582.621,94.0,85.0,85.0,85.0,,34.05,
582.772,94.01,85.0,85.0,85.0,,34.05,
582.772,94.01,85.0,85.0,85.0,,34.05,
582.772,94.01,85.0,85.0,85.0,,34.05,
582.772,94.01,85.0,85.0,85.0,,34.05,
582.772,94.01,85.0,85.0,85.0,,34.05,
582.926,94.02,85.0,85.0,85.0,,34.05,
582.926,94.02,85.0,85.0,85.0,,34.05,
582.926,94.02,85.0,85.0,85.0,,34.05,
582.926,94.02,85.0,85.0,85.0,,34.05,
582.926,94.02,85.0,85.0,85.0,,34.05,
583.071,94.01,85.0,85.0,85.0,84.59,34.05,73.81
583.071,94.01,85.0,85.0,85.0,84.59,34.05,73.81
583.071,94.01,85.0,85.0,85.0,84.59,34.05,73.81
583.071,94.01,85.0,85.0,85.0,84.59,34.05,73.81
583.071,94.01,85.0,85.0,85.0,84.59,34.05,73.81
583.071,94.01,85.0,85.0,85.0,84.59,34.05,73.81
583.071,94.01,85.0,85.0,85.0,84.59,34.05,73.81
583.222,94.02,85.0,85.0,85.0,,34.04,
583.222,94.02,85.0,85.0,85.0,,34.04,
583.222,94.02,85.0,85.0,85.0,,34.04,
583.222,94.02,85.0,85.0,85.0,,34.04,
583.222,94.02,85.0,85.0,85.0,,34.04,
583.372,94.03,85.0,85.0,85.0,,34.04,
583.372,94.03,85.0,85.0,85.0,,34.04,
583.372,94.03,85.0,85.0,85.0,,34.04,
583.372,94.03,85.0,85.0,85.0,,34.04,
583.372,94.03,85.0,85.0,85.0,,34.04,
583.523,94.02,85.0,85.0,85.0,,34.04,
583.523,94.02,85.0,85.0,85.0,,34.04,
583.523,94.02,85.0,85.0,85.0,,34.04,
583.523,94.02,85.0,85.0,85.0,,34.04,
583.523,94.02,85.0,85.0,85.0,,34.04,
583.672,94.03,85.0,85.0,85.0,84.74,34.05,73.87
583.672,94.03,85.0,85.0,85.0,84.74,34.05,73.87
583.672,94.03,85.0,85.0,85.0,84.74,34.05,73.87
583.672,94.03,85.0,85.0,85.0,84.74,34.05,73.87
583.672,94.03,85.0,85.0,85.0,84.74,34.05,73.87
583.672,94.03,85.0,85.0,85.0,84.74,34.05,73.87
583.672,94.03,85.0,85.0,85.0,84.74,34.05,73.87
583.821,94.03,85.0,85.0,85.0,,34.05,
583.821,94.03,85.0,85.0,85.0,,34.05,
583.821,94.03,85.0,85.0,85.0,,34.05,
583.821,94.03,85.0,85.0,85.0,,34.05,
583.821,94.03,85.0,85.0,85.0,,34.05,
583.974,94.04,85.0,85.0,85.0,,34.04,
583.974,94.04,85.0,85.0,85.0,,34.04,
583.974,94.04,85.0,85.0,85.0,,34.04,
583.974,94.04,85.0,85.0,85.0,,34.04,
583.974,94.04,85.0,85.0,85.0,,34.04,
584.122,94.03,85.0,85.0,85.0,,34.04,
584.122,94.03,85.0,85.0,85.0,,34.04,
584.122,94.03,85.0,85.0,85.0,,34.04,
584.122,94.03,85.0,85.0,85.0,,34.04,
584.122,94.03,85.0,85.0,85.0,,34.04,
584.273,94.03,85.0,85.0,85.0,,34.04,
584.273,94.03,85.0,85.0,85.0,,34.04,
584.273,94.03,85.0,85.0,85.0,,34.04,
584.273,94.03,85.0,85.0,85.0,,34.04,
584.273,94.03,85.0,85.0,85.0,,34.04,
584.331,,,,,84.8,,73.93
584.331,,,,,84.8,,73.93
584.425,94.03,85.0,85.0,85.0,,34.05,
584.425,94.03,85.0,85.0,85.0,,34.05,
584.425,94.03,85.0,85.0,85.0,,34.05,
584.425,94.03,85.0,85.0,85.0,,34.05,
584.425,94.03,85.0,85.0,85.0,,34.05,
584.574,94.04,85.0,85.0,85.0,,34.05,
584.574,94.04,85.0,85.0,85.0,,34.05,
584.574,94.04,85.0,85.0,85.0,,34.05,
584.574,94.04,85.0,85.0,85.0,,34.05,
584.574,94.04,85.0,85.0,85.0,,34.05,
584.724,94.03,85.0,85.0,85.0,,34.05,
584.724,94.03,85.0,85.0,85.0,,34.05,
584.724,94.03,85.0,85.0,85.0,,34.05,
584.724,94.03,85.0,85.0,85.0,,34.05,
584.724,94.03,85.0,85.0,85.0,,34.05,
584.876,94.03,85.0,85.0,85.0,84.76,34.04,73.91
584.876,94.03,85.0,85.0,85.0,84.76,34.04,73.91
584.876,94.03,85.0,85.0,85.0,84.76,34.04,73.91
584.876,94.03,85.0,85.0,85.0,84.76,34.04,73.91
584.876,94.03,85.0,85.0,85.0,84.76,34.04,73.91
584.876,94.03,85.0,85.0,85.0,84.76,34.04,73.91
584.876,94.03,85.0,85.0,85.0,84.76,34.04,73.91
585.024,94.04,85.0,85.0,85.0,,34.04,
585.024,94.04,85.0,85.0,85.0,,34.04,
585.024,94.04,85.0,85.0,85.0,,34.04,
585.024,94.04,85.0,85.0,85.0,,34.04,
585.024,94.04,85.0,85.0,85.0,,34.04,
585.174,94.04,85.0,85.0,85.0,,34.04,
585.174,94.04,85.0,85.0,85.0,,34.04,
585.174,94.04,85.0,85.0,85.0,,34.04,
585.174,94.04,85.0,85.0,85.0,,34.04,
585.174,94.04,85.0,85.0,85.0,,34.04,
585.326,94.03,85.0,85.0,85.0,,34.05,
585.326,94.03,85.0,85.0,85.0,,34.05,
585.326,94.03,85.0,85.0,85.0,,34.05,
585.326,94.03,85.0,85.0,85.0,,34.05,
585.326,94.03,85.0,85.0,85.0,,34.05,
585.475,94.04,85.0,85.0,85.0,84.72,34.04,73.98
585.475,94.04,85.0,85.0,85.0,84.72,34.04,73.98
585.475,94.04,85.0,85.0,85.0,84.72,34.04,73.98
585.475,94.04,85.0,85.0,85.0,84.72,34.04,73.98
585.475,94.04,85.0,85.0,85.0,84.72,34.04,73.98
585.475,94.04,85.0,85.0,85.0,84.72,34.04,73.98
585.475,94.04,85.0,85.0,85.0,84.72,34.04,73.98
585.625,94.03,85.0,85.0,85.0,,34.04,
585.625,94.03,85.0,85.0,85.0,,34.04,
585.625,94.03,85.0,85.0,85.0,,34.04,
585.625,94.03,85.0,85.0,85.0,,34.04,
585.625,94.03,85.0,85.0,85.0,,34.04,
585.777,94.04,85.0,85.0,85.0,,34.04,
585.777,94.04,85.0,85.0,85.0,,34.04,
585.777,94.04,85.0,85.0,85.0,,34.04,
585.777,94.04,85.0,85.0,85.0,,34.04,
585.777,94.04,85.0,85.0,85.0,,34.04,
585.926,94.03,85.0,85.0,85.0,,34.04,
585.926,94.03,85.0,85.0,85.0,,34.04,
585.926,94.03,85.0,85.0,85.0,,34.04,
585.926,94.03,85.0,85.0,85.0,,34.04,
585.926,94.03,85.0,85.0,85.0,,34.04,
586.075,94.03,85.0,85.0,85.0,84.74,34.04,73.94
586.075,94.03,85.0,85.0,85.0,84.74,34.04,73.94
586.075,94.03,85.0,85.0,85.0,84.74,34.04,73.94
586.075,94.03,85.0,85.0,85.0,84.74,34.04,73.94
586.075,94.03,85.0,85.0,85.0,84.74,34.04,73.94
586.075,94.03,85.0,85.0,85.0,84.74,34.04,73.94
586.075,94.03,85.0,85.0,85.0,84.74,34.04,73.94
586.228,94.03,85.0,85.0,85.0,,34.04,
586.228,94.03,85.0,85.0,85.0,,34.04,
586.228,94.03,85.0,85.0,85.0,,34.04,
586.228,94.03,85.0,85.0,85.0,,34.04,
586.228,94.03,85.0,85.0,85.0,,34.04,
586.377,94.02,85.0,85.0,85.0,,34.04,
586.377,94.02,85.0,85.0,85.0,,34.04,
586.377,94.02,85.0,85.0,85.0,,34.04,
586.377,94.02,85.0,85.0,85.0,,34.04,
586.377,94.02,85.0,85.0,85.0,,34.04,
586.527,94.02,85.0,85.0,85.0,,34.04,
586.527,94.02,85.0,85.0,85.0,,34.04,
586.527,94.02,85.0,85.0,85.0,,34.04,
586.527,94.02,85.0,85.0,85.0,,34.04,
586.527,94.02,85.0,85.0,85.0,,34.04,
586.679,94.02,85.0,85.0,85.0,84.78,34.04,73.97
586.679,94.02,85.0,85.0,85.0,84.78,34.04,73.97
586.679,94.02,85.0,85.0,85.0,84.78,34.04,73.97
586.679,94.02,85.0,85.0,85.0,84.78,34.04,73.97
586.679,94.02,85.0,85.0,85.0,84.78,34.04,73.97
586.679,94.02,85.0,85.0,85.0,84.78,34.04,73.97
586.679,94.02,85.0,85.0,85.0,84.78,34.04,73.97
586.828,94.01,85.0,85.0,85.0,,34.04,
586.828,94.01,85.0,85.0,85.0,,34.04,
586.828,94.01,85.0,85.0,85.0,,34.04,
586.828,94.01,85.0,85.0,85.0,,34.04,
586.828,94.01,85.0,85.0,85.0,,34.04,
586.977,94.02,85.0,85.0,85.0,,34.04,
586.977,94.02,85.0,85.0,85.0,,34.04,
586.977,94.02,85.0,85.0,85.0,,34.04,
586.977,94.02,85.0,85.0,85.0,,34.04,
586.977,94.02,85.0,85.0,85.0,,34.04,
587.129,94.02,85.0,85.0,85.0,,34.04,
587.129,94.02,85.0,85.0,85.0,,34.04,
587.129,94.02,85.0,85.0,85.0,,34.04,
587.129,94.02,85.0,85.0,85.0,,34.04,
587.129,94.02,85.0,85.0,85.0,,34.04,
587.277,94.03,85.0,85.0,85.0,84.8,34.04,74.05
587.277,94.03,85.0,85.0,85.0,84.8,34.04,74.05
587.277,94.03,85.0,85.0,85.0,84.8,34.04,74.05
587.277,94.03,85.0,85.0,85.0,84.8,34.04,74.05
587.277,94.03,85.0,85.0,85.0,84.8,34.04,74.05
587.277,94.03,85.0,85.0,85.0,84.8,34.04,74.05
587.277,94.03,85.0,85.0,85.0,84.8,34.04,74.05
587.428,94.03,85.0,85.0,85.0,,34.04,
587.428,94.03,85.0,85.0,85.0,,34.04,
587.428,94.03,85.0,85.0,85.0,,34.04,
587.428,94.03,85.0,85.0,85.0,,34.04,
587.428,94.03,85.0,85.0,85.0,,34.04,
587.579,94.02,85.0,85.0,85.0,,34.04,
587.579,94.02,85.0,85.0,85.0,,34.04,
587.579,94.02,85.0,85.0,85.0,,34.04,
587.579,94.02,85.0,85.0,85.0,,34.04,
587.579,94.02,85.0,85.0,85.0,,34.04,
587.728,94.03,85.0,85.0,85.0,,34.04,
587.728,94.03,85.0,85.0,85.0,,34.04,
587.728,94.03,85.0,85.0,85.0,,34.04,
587.728,94.03,85.0,85.0,85.0,,34.04,
587.728,94.03,85.0,85.0,85.0,,34.04,
587.878,94.02,85.0,85.0,85.0,84.81,34.03,74.07
587.878,94.02,85.0,85.0,85.0,84.81,34.03,74.07
587.878,94.02,85.0,85.0,85.0,84.81,34.03,74.07
587.878,94.02,85.0,85.0,85.0,84.81,34.03,74.07
587.878,94.02,85.0,85.0,85.0,84.81,34.03,74.07
587.878,94.02,85.0,85.0,85.0,84.81,34.03,74.07
587.878,94.02,85.0,85.0,85.0,84.81,34.03,74.07
588.03,94.02,85.0,85.0,85.0,,34.04,
588.03,94.02,85.0,85.0,85.0,,34.04,
588.03,94.02,85.0,85.0,85.0,,34.04,
588.03,94.02,85.0,85.0,85.0,,34.04,
588.03,94.02,85.0,85.0,85.0,,34.04,
588.178,94.02,85.0,85.0,85.0,,34.03,
588.178,94.02,85.0,85.0,85.0,,34.03,
588.178,94.02,85.0,85.0,85.0,,34.03,
588.178,94.02,85.0,85.0,85.0,,34.03,
588.178,94.02,85.0,85.0,85.0,,34.03,
588.328,94.01,85.0,85.0,85.0,,34.03,
588.328,94.01,85.0,85.0,85.0,,34.03,
588.328,94.01,85.0,85.0,85.0,,34.03,
588.328,94.01,85.0,85.0,85.0,,34.03,
588.328,94.01,85.0,85.0,85.0,,34.03,
588.481,94.02,85.0,85.0,85.0,84.84,34.04,74.07
588.481,94.02,85.0,85.0,85.0,84.84,34.04,74.07
588.481,94.02,85.0,85.0,85.0,84.84,34.04,74.07
588.481,94.02,85.0,85.0,85.0,84.84,34.04,74.07
588.481,94.02,85.0,85.0,85.0,84.84,34.04,74.07
588.481,94.02,85.0,85.0,85.0,84.84,34.04,74.07
588.481,94.02,85.0,85.0,85.0,84.84,34.04,74.07
588.63,94.02,85.0,85.0,85.0,,34.04,
588.63,94.02,85.0,85.0,85.0,,34.04,
588.63,94.02,85.0,85.0,85.0,,34.04,
588.63,94.02,85.0,85.0,85.0,,34.04,
588.63,94.02,85.0,85.0,85.0,,34.04,
588.78,94.02,85.0,85.0,85.0,,34.03,
588.78,94.02,85.0,85.0,85.0,,34.03,
588.78,94.02,85.0,85.0,85.0,,34.03,
588.78,94.02,85.0,85.0,85.0,,34.03,
588.78,94.02,85.0,85.0,85.0,,34.03,
588.932,94.03,85.0,85.0,85.0,,34.04,
588.932,94.03,85.0,85.0,85.0,,34.04,
588.932,94.03,85.0,85.0,85.0,,34.04,
588.932,94.03,85.0,85.0,85.0,,34.04,
588.932,94.03,85.0,85.0,85.0,,34.04,
589.08,94.02,85.0,85.0,85.0,84.88,34.03,74.14
589.08,94.02,85.0,85.0,85.0,84.88,34.03,74.14
589.08,94.02,85.0,85.0,85.0,84.88,34.03,74.14
589.08,94.02,85.0,85.0,85.0,84.88,34.03,74.14
589.08,94.02,85.0,85.0,85.0,84.88,34.03,74.14
589.08,94.02,85.0,85.0,85.0,84.88,34.03,74.14
589.08,94.02,85.0,85.0,85.0,84.88,34.03,74.14
589.231,94.02,85.0,85.0,85.0,,34.03,
589.231,94.02,85.0,85.0,85.0,,34.03,
589.231,94.02,85.0,85.0,85.0,,34.03,
589.231,94.02,85.0,85.0,85.0,,34.03,
589.231,94.02,85.0,85.0,85.0,,34.03,
589.413,94.02,85.0,85.0,85.0,,34.04,
589.413,94.02,85.0,85.0,85.0,,34.04,
589.413,94.02,85.0,85.0,85.0,,34.04,
589.413,94.02,85.0,85.0,85.0,,34.04,
589.413,94.02,85.0,85.0,85.0,,34.04,
589.563,94.02,85.0,85.0,85.0,,34.03,
589.563,94.02,85.0,85.0,85.0,,34.03,
589.563,94.02,85.0,85.0,85.0,,34.03,
589.563,94.02,85.0,85.0,85.0,,34.03,
589.563,94.02,85.0,85.0,85.0,,34.03,
589.713,94.02,85.0,85.0,85.0,84.84,34.03,74.14
589.713,94.02,85.0,85.0,85.0,84.84,34.03,74.14
589.713,94.02,85.0,85.0,85.0,84.84,34.03,74.14
589.713,94.02,85.0,85.0,85.0,84.84,34.03,74.14
589.713,94.02,85.0,85.0,85.0,84.84,34.03,74.14
589.713,94.02,85.0,85.0,85.0,84.84,34.03,74.14
589.713,94.02,85.0,85.0,85.0,84.84,34.03,74.14
589.863,94.02,85.0,85.0,85.0,,34.04,
589.863,94.02,85.0,85.0,85.0,,34.04,
589.863,94.02,85.0,85.0,85.0,,34.04,
589.863,94.02,85.0,85.0,85.0,,34.04,
589.863,94.02,85.0,85.0,85.0,,34.04,
590.015,94.02,85.0,85.0,85.0,,34.03,
590.015,94.02,85.0,85.0,85.0,,34.03,
590.015,94.02,85.0,85.0,85.0,,34.03,
590.015,94.02,85.0,85.0,85.0,,34.03,
590.015,94.02,85.0,85.0,85.0,,34.03,
590.164,94.01,85.0,85.0,85.0,,34.03,
590.164,94.01,85.0,85.0,85.0,,34.03,
590.164,94.01,85.0,85.0,85.0,,34.03,
590.164,94.01,85.0,85.0,85.0,,34.03,
590.164,94.01,85.0,85.0,85.0,,34.03,
590.314,94.02,85.0,85.0,85.0,84.87,34.03,74.15
590.314,94.02,85.0,85.0,85.0,84.87,34.03,74.15
590.314,94.02,85.0,85.0,85.0,84.87,34.03,74.15
590.314,94.02,85.0,85.0,85.0,84.87,34.03,74.15
590.314,94.02,85.0,85.0,85.0,84.87,34.03,74.15
590.314,94.02,85.0,85.0,85.0,84.87,34.03,74.15
590.314,94.02,85.0,85.0,85.0,84.87,34.03,74.15
590.465,94.03,85.0,85.0,85.0,,34.03,
590.465,94.03,85.0,85.0,85.0,,34.03,
590.465,94.03,85.0,85.0,85.0,,34.03,
590.465,94.03,85.0,85.0,85.0,,34.03,
590.465,94.03,85.0,85.0,85.0,,34.03,
590.613,94.03,85.0,85.0,85.0,,34.03,
590.613,94.03,85.0,85.0,85.0,,34.03,
590.613,94.03,85.0,85.0,85.0,,34.03,
590.613,94.03,85.0,85.0,85.0,,34.03,
590.613,94.03,85.0,85.0,85.0,,34.03,
590.763,94.02,85.0,85.0,85.0,84.89,34.03,74.16
590.763,94.02,85.0,85.0,85.0,84.89,34.03,74.16
590.763,94.02,85.0,85.0,85.0,84.89,34.03,74.16
590.763,94.02,85.0,85.0,85.0,84.89,34.03,74.16
590.763,94.02,85.0,85.0,85.0,84.89,34.03,74.16
590.763,94.02,85.0,85.0,85.0,84.89,34.03,74.16
590.763,94.02,85.0,85.0,85.0,84.89,34.03,74.16
590.915,94.03,85.0,85.0,85.0,,34.03,
590.915,94.03,85.0,85.0,85.0,,34.03,
590.915,94.03,85.0,85.0,85.0,,34.03,
590.915,94.03,85.0,85.0,85.0,,34.03,
590.915,94.03,85.0,85.0,85.0,,34.03,
591.064,94.03,85.0,85.0,85.0,,34.03,
591.064,94.03,85.0,85.0,85.0,,34.03,
591.064,94.03,85.0,85.0,85.0,,34.03,
591.064,94.03,85.0,85.0,85.0,,34.03,
591.064,94.03,85.0,85.0,85.0,,34.03,
591.213,94.02,85.0,85.0,85.0,,34.03,
591.213,94.02,85.0,85.0,85.0,,34.03,
591.213,94.02,85.0,85.0,85.0,,34.03,
591.213,94.02,85.0,85.0,85.0,,34.03,
591.213,94.02,85.0,85.0,85.0,,34.03,
591.365,94.03,85.0,85.0,85.0,,34.03,
591.365,94.03,85.0,85.0,85.0,,34.03,
591.365,94.03,85.0,85.0,85.0,,34.03,
591.365,94.03,85.0,85.0,85.0,,34.03,
591.365,94.03,85.0,85.0,85.0,,34.03,
591.513,94.02,85.0,85.0,85.0,84.82,34.03,74.26
591.513,94.02,85.0,85.0,85.0,84.82,34.03,74.26
591.513,94.02,85.0,85.0,85.0,84.82,34.03,74.26
591.513,94.02,85.0,85.0,85.0,84.82,34.03,74.26
591.513,94.02,85.0,85.0,85.0,84.82,34.03,74.26
591.513,94.02,85.0,85.0,85.0,84.82,34.03,74.26
591.513,94.02,85.0,85.0,85.0,84.82,34.03,74.26
591.663,94.03,85.0,85.0,85.0,,34.03,
591.663,94.03,85.0,85.0,85.0,,34.03,
591.663,94.03,85.0,85.0,85.0,,34.03,
591.663,94.03,85.0,85.0,85.0,,34.03,
591.663,94.03,85.0,85.0,85.0,,34.03,
591.815,94.03,85.0,85.0,85.0,,34.03,
591.815,94.03,85.0,85.0,85.0,,34.03,
591.815,94.03,85.0,85.0,85.0,,34.03,
591.815,94.03,85.0,85.0,85.0,,34.03,
591.815,94.03,85.0,85.0,85.0,,34.03,
591.963,94.02,85.0,85.0,85.0,84.88,34.03,74.23
591.963,94.02,85.0,85.0,85.0,84.88,34.03,74.23
591.963,94.02,85.0,85.0,85.0,84.88,34.03,74.23
591.963,94.02,85.0,85.0,85.0,84.88,34.03,74.23
591.963,94.02,85.0,85.0,85.0,84.88,34.03,74.23
591.963,94.02,85.0,85.0,85.0,84.88,34.03,74.23
591.963,94.02,85.0,85.0,85.0,84.88,34.03,74.23
592.114,94.02,85.0,85.0,85.0,,34.03,
592.114,94.02,85.0,85.0,85.0,,34.03,
592.114,94.02,85.0,85.0,85.0,,34.03,
592.114,94.02,85.0,85.0,85.0,,34.03,
592.114,94.02,85.0,85.0,85.0,,34.03,
592.265,94.02,85.0,85.0,85.0,,34.03,
592.265,94.02,85.0,85.0,85.0,,34.03,
592.265,94.02,85.0,85.0,85.0,,34.03,
592.265,94.02,85.0,85.0,85.0,,34.03,
592.265,94.02,85.0,85.0,85.0,,34.03,
592.414,94.02,85.0,85.0,85.0,,34.03,
592.414,94.02,85.0,85.0,85.0,,34.03,
592.414,94.02,85.0,85.0,85.0,,34.03,
592.414,94.02,85.0,85.0,85.0,,34.03,
592.414,94.02,85.0,85.0,85.0,,34.03,
592.565,94.03,85.0,85.0,85.0,84.91,34.03,74.25
592.565,94.03,85.0,85.0,85.0,84.91,34.03,74.25
592.565,94.03,85.0,85.0,85.0,84.91,34.03,74.25
592.565,94.03,85.0,85.0,85.0,84.91,34.03,74.25
592.565,94.03,85.0,85.0,85.0,84.91,34.03,74.25
592.565,94.03,85.0,85.0,85.0,84.91,34.03,74.25
592.565,94.03,85.0,85.0,85.0,84.91,34.03,74.25
592.719,94.02,85.0,85.0,85.0,,34.03,
592.719,94.02,85.0,85.0,85.0,,34.03,
592.719,94.02,85.0,85.0,85.0,,34.03,
592.719,94.02,85.0,85.0,85.0,,34.03,
592.719,94.02,85.0,85.0,85.0,,34.03,
592.864,94.02,85.0,85.0,85.0,,34.04,
592.864,94.02,85.0,85.0,85.0,,34.04,
592.864,94.02,85.0,85.0,85.0,,34.04,
592.864,94.02,85.0,85.0,85.0,,34.04,
592.864,94.02,85.0,85.0,85.0,,34.04,
593.014,94.02,85.0,85.0,85.0,,34.03,
593.014,94.02,85.0,85.0,85.0,,34.03,
593.014,94.02,85.0,85.0,85.0,,34.03,
593.014,94.02,85.0,85.0,85.0,,34.03,
593.014,94.02,85.0,85.0,85.0,,34.03,
593.169,94.03,85.0,85.0,85.0,,34.03,
593.169,94.03,85.0,85.0,85.0,,34.03,
593.169,94.03,85.0,85.0,85.0,,34.03,
593.169,94.03,85.0,85.0,85.0,,34.03,
593.169,94.03,85.0,85.0,85.0,,34.03,
593.259,,,,,84.96,,74.29
593.259,,,,,84.96,,74.29
593.316,94.03,85.0,85.0,85.0,,34.03,
593.316,94.03,85.0,85.0,85.0,,34.03,
593.316,94.03,85.0,85.0,85.0,,34.03,
593.316,94.03,85.0,85.0,85.0,,34.03,
593.316,94.03,85.0,85.0,85.0,,34.03,
593.466,94.03,85.0,85.0,85.0,,34.03,
593.466,94.03,85.0,85.0,85.0,,34.03,
593.466,94.03,85.0,85.0,85.0,,34.03,
593.466,94.03,85.0,85.0,85.0,,34.03,
593.466,94.03,85.0,85.0,85.0,,34.03,
593.617,94.02,85.0,85.0,85.0,,34.03,
593.617,94.02,85.0,85.0,85.0,,34.03,
593.617,94.02,85.0,85.0,85.0,,34.03,
593.617,94.02,85.0,85.0,85.0,,34.03,
593.617,94.02,85.0,85.0,85.0,,34.03,
593.767,94.01,85.0,85.0,85.0,85.0,34.03,74.33
593.767,94.01,85.0,85.0,85.0,85.0,34.03,74.33
593.767,94.01,85.0,85.0,85.0,85.0,34.03,74.33
593.767,94.01,85.0,85.0,85.0,85.0,34.03,74.33
593.767,94.01,85.0,85.0,85.0,85.0,34.03,74.33
593.767,94.01,85.0,85.0,85.0,85.0,34.03,74.33
593.767,94.01,85.0,85.0,85.0,85.0,34.03,74.33
593.916,94.01,85.0,85.0,85.0,,34.04,
593.916,94.01,85.0,85.0,85.0,,34.04,
593.916,94.01,85.0,85.0,85.0,,34.04,
593.916,94.01,85.0,85.0,85.0,,34.04,
593.916,94.01,85.0,85.0,85.0,,34.04,
594.066,94.0,85.0,85.0,85.0,,34.03,
594.066,94.0,85.0,85.0,85.0,,34.03,
594.066,94.0,85.0,85.0,85.0,,34.03,
594.066,94.0,85.0,85.0,85.0,,34.03,
594.066,94.0,85.0,85.0,85.0,,34.03,
594.217,94.0,85.0,85.0,85.0,,34.02,
594.217,94.0,85.0,85.0,85.0,,34.02,
594.217,94.0,85.0,85.0,85.0,,34.02,
594.217,94.0,85.0,85.0,85.0,,34.02,
594.217,94.0,85.0,85.0,85.0,,34.02,
594.365,94.02,85.0,85.0,85.0,,34.03,
594.365,94.02,85.0,85.0,85.0,,34.03,
594.365,94.02,85.0,85.0,85.0,,34.03,
594.365,94.02,85.0,85.0,85.0,,34.03,
594.365,94.02,85.0,85.0,85.0,,34.03,
594.373,,,,,85.02,,74.32
594.373,,,,,85.02,,74.32
594.515,94.01,85.0,85.0,85.0,,34.03,
594.515,94.01,85.0,85.0,85.0,,34.03,
594.515,94.01,85.0,85.0,85.0,,34.03,
594.515,94.01,85.0,85.0,85.0,,34.03,
594.515,94.01,85.0,85.0,85.0,,34.03,
594.668,94.02,85.0,85.0,85.0,,34.02,
594.668,94.02,85.0,85.0,85.0,,34.02,
594.668,94.02,85.0,85.0,85.0,,34.02,
594.668,94.02,85.0,85.0,85.0,,34.02,
594.668,94.02,85.0,85.0,85.0,,34.02,
594.816,94.01,85.0,85.0,85.0,,34.03,
594.816,94.01,85.0,85.0,85.0,,34.03,
594.816,94.01,85.0,85.0,85.0,,34.03,
594.816,94.01,85.0,85.0,85.0,,34.03,
594.816,94.01,85.0,85.0,85.0,,34.03,
594.967,94.01,85.0,85.0,85.0,85.04,34.03,74.42
594.967,94.01,85.0,85.0,85.0,85.04,34.03,74.42
594.967,94.01,85.0,85.0,85.0,85.04,34.03,74.42
594.967,94.01,85.0,85.0,85.0,85.04,34.03,74.42
594.967,94.01,85.0,85.0,85.0,85.04,34.03,74.42
594.967,94.01,85.0,85.0,85.0,85.04,34.03,74.42
594.967,94.01,85.0,85.0,85.0,85.04,34.03,74.42
595.118,94.03,85.0,85.0,85.0,,34.04,
595.118,94.03,85.0,85.0,85.0,,34.04,
595.118,94.03,85.0,85.0,85.0,,34.04,
595.118,94.03,85.0,85.0,85.0,,34.04,
595.118,94.03,85.0,85.0,85.0,,34.04,
595.267,94.03,85.0,85.0,85.0,,34.03,
595.267,94.03,85.0,85.0,85.0,,34.03,
595.267,94.03,85.0,85.0,85.0,,34.03,
595.267,94.03,85.0,85.0,85.0,,34.03,
595.267,94.03,85.0,85.0,85.0,,34.03,
595.417,94.01,85.0,85.0,85.0,,34.03,
595.417,94.01,85.0,85.0,85.0,,34.03,
595.417,94.01,85.0,85.0,85.0,,34.03,
595.417,94.01,85.0,85.0,85.0,,34.03,
595.417,94.01,85.0,85.0,85.0,,34.03,
595.569,94.03,85.0,85.0,85.0,85.05,34.03,74.38
595.569,94.03,85.0,85.0,85.0,85.05,34.03,74.38
595.569,94.03,85.0,85.0,85.0,85.05,34.03,74.38
595.569,94.03,85.0,85.0,85.0,85.05,34.03,74.38
595.569,94.03,85.0,85.0,85.0,85.05,34.03,74.38
595.569,94.03,85.0,85.0,85.0,85.05,34.03,74.38
595.569,94.03,85.0,85.0,85.0,85.05,34.03,74.38
595.717,94.02,85.0,85.0,85.0,,34.02,
595.717,94.02,85.0,85.0,85.0,,34.02,
595.717,94.02,85.0,85.0,85.0,,34.02,
595.717,94.02,85.0,85.0,85.0,,34.02,
595.717,94.02,85.0,85.0,85.0,,34.02,
595.867,94.03,85.0,85.0,85.0,,34.03,
595.867,94.03,85.0,85.0,85.0,,34.03,
595.867,94.03,85.0,85.0,85.0,,34.03,
595.867,94.03,85.0,85.0,85.0,,34.03,
595.867,94.03,85.0,85.0,85.0,,34.03,
596.019,94.03,85.0,85.0,85.0,,34.03,
596.019,94.03,85.0,85.0,85.0,,34.03,
596.019,94.03,85.0,85.0,85.0,,34.03,
596.019,94.03,85.0,85.0,85.0,,34.03,
596.019,94.03,85.0,85.0,85.0,,34.03,
596.168,94.02,85.0,85.0,85.0,85.03,34.03,74.4
596.168,94.02,85.0,85.0,85.0,85.03,34.03,74.4
596.168,94.02,85.0,85.0,85.0,85.03,34.03,74.4
596.168,94.02,85.0,85.0,85.0,85.03,34.03,74.4
596.168,94.02,85.0,85.0,85.0,85.03,34.03,74.4
596.168,94.02,85.0,85.0,85.0,85.03,34.03,74.4
596.168,94.02,85.0,85.0,85.0,85.03,34.03,74.4
596.318,94.03,85.0,85.0,85.0,,34.03,
596.318,94.03,85.0,85.0,85.0,,34.03,
596.318,94.03,85.0,85.0,85.0,,34.03,
596.318,94.03,85.0,85.0,85.0,,34.03,
596.318,94.03,85.0,85.0,85.0,,34.03,
596.468,94.03,85.0,85.0,85.0,,34.03,
596.468,94.03,85.0,85.0,85.0,,34.03,
596.468,94.03,85.0,85.0,85.0,,34.03,
596.468,94.03,85.0,85.0,85.0,,34.03,
596.468,94.03,85.0,85.0,85.0,,34.03,
596.618,94.03,85.0,85.0,85.0,,34.02,
596.618,94.03,85.0,85.0,85.0,,34.02,
596.618,94.03,85.0,85.0,85.0,,34.02,
596.618,94.03,85.0,85.0,85.0,,34.02,
596.618,94.03,85.0,85.0,85.0,,34.02,
596.767,94.02,85.0,85.0,85.0,85.09,34.02,74.41
596.767,94.02,85.0,85.0,85.0,85.09,34.02,74.41
596.767,94.02,85.0,85.0,85.0,85.09,34.02,74.41
596.767,94.02,85.0,85.0,85.0,85.09,34.02,74.41
596.767,94.02,85.0,85.0,85.0,85.09,34.02,74.41
596.767,94.02,85.0,85.0,85.0,85.09,34.02,74.41
596.767,94.02,85.0,85.0,85.0,85.09,34.02,74.41
596.919,94.03,85.0,85.0,85.0,,34.03,
596.919,94.03,85.0,85.0,85.0,,34.03,
596.919,94.03,85.0,85.0,85.0,,34.03,
596.919,94.03,85.0,85.0,85.0,,34.03,
596.919,94.03,85.0,85.0,85.0,,34.03,
597.068,94.03,85.0,85.0,85.0,,34.02,
597.068,94.03,85.0,85.0,85.0,,34.02,
597.068,94.03,85.0,85.0,85.0,,34.02,
597.068,94.03,85.0,85.0,85.0,,34.02,
597.068,94.03,85.0,85.0,85.0,,34.02,
597.217,94.03,85.0,85.0,85.0,,34.03,
597.217,94.03,85.0,85.0,85.0,,34.03,
597.217,94.03,85.0,85.0,85.0,,34.03,
597.217,94.03,85.0,85.0,85.0,,34.03,
597.217,94.03,85.0,85.0,85.0,,34.03,
597.369,94.04,85.0,85.0,85.0,85.1,34.03,74.52
597.369,94.04,85.0,85.0,85.0,85.1,34.03,74.52
597.369,94.04,85.0,85.0,85.0,85.1,34.03,74.52
597.369,94.04,85.0,85.0,85.0,85.1,34.03,74.52
597.369,94.04,85.0,85.0,85.0,85.1,34.03,74.52
597.369,94.04,85.0,85.0,85.0,85.1,34.03,74.52
597.369,94.04,85.0,85.0,85.0,85.1,34.03,74.52
597.517,94.03,85.0,85.0,85.0,,34.03,
597.517,94.03,85.0,85.0,85.0,,34.03,
597.517,94.03,85.0,85.0,85.0,,34.03,
597.517,94.03,85.0,85.0,85.0,,34.03,
597.517,94.03,85.0,85.0,85.0,,34.03,
597.668,94.02,85.0,85.0,85.0,,34.03,
597.668,94.02,85.0,85.0,85.0,,34.03,
597.668,94.02,85.0,85.0,85.0,,34.03,
597.668,94.02,85.0,85.0,85.0,,34.03,
597.668,94.02,85.0,85.0,85.0,,34.03,
597.819,94.02,85.0,85.0,85.0,,34.03,
597.819,94.02,85.0,85.0,85.0,,34.03,
597.819,94.02,85.0,85.0,85.0,,34.03,
597.819,94.02,85.0,85.0,85.0,,34.03,
597.819,94.02,85.0,85.0,85.0,,34.03,
597.967,94.03,85.0,85.0,85.0,85.1,34.02,74.52
597.967,94.03,85.0,85.0,85.0,85.1,34.02,74.52
597.967,94.03,85.0,85.0,85.0,85.1,34.02,74.52
597.967,94.03,85.0,85.0,85.0,85.1,34.02,74.52
597.967,94.03,85.0,85.0,85.0,85.1,34.02,74.52
597.967,94.03,85.0,85.0,85.0,85.1,34.02,74.52
597.967,94.03,85.0,85.0,85.0,85.1,34.02,74.52
598.117,94.02,85.0,85.0,85.0,,34.02,
598.117,94.02,85.0,85.0,85.0,,34.02,
598.117,94.02,85.0,85.0,85.0,,34.02,
598.117,94.02,85.0,85.0,85.0,,34.02,
598.117,94.02,85.0,85.0,85.0,,34.02,
598.269,94.03,85.0,85.0,85.0,,34.03,
598.269,94.03,85.0,85.0,85.0,,34.03,
598.269,94.03,85.0,85.0,85.0,,34.03,
598.269,94.03,85.0,85.0,85.0,,34.03,
598.269,94.03,85.0,85.0,85.0,,34.03,
598.421,94.03,85.0,85.0,85.0,,34.02,
598.421,94.03,85.0,85.0,85.0,,34.02,
598.421,94.03,85.0,85.0,85.0,,34.02,
598.421,94.03,85.0,85.0,85.0,,34.02,
598.421,94.03,85.0,85.0,85.0,,34.02,
598.571,94.01,85.0,85.0,85.0,85.12,34.02,74.58
598.571,94.01,85.0,85.0,85.0,85.12,34.02,74.58
598.571,94.01,85.0,85.0,85.0,85.12,34.02,74.58
598.571,94.01,85.0,85.0,85.0,85.12,34.02,74.58
598.571,94.01,85.0,85.0,85.0,85.12,34.02,74.58
598.571,94.01,85.0,85.0,85.0,85.12,34.02,74.58
598.571,94.01,85.0,85.0,85.0,85.12,34.02,74.58
598.726,94.02,85.0,85.0,85.0,,34.02,
598.726,94.02,85.0,85.0,85.0,,34.02,
598.726,94.02,85.0,85.0,85.0,,34.02,
598.726,94.02,85.0,85.0,85.0,,34.02,
598.726,94.02,85.0,85.0,85.0,,34.02,
598.872,94.02,85.0,85.0,85.0,,34.02,
598.872,94.02,85.0,85.0,85.0,,34.02,
598.872,94.02,85.0,85.0,85.0,,34.02,
598.872,94.02,85.0,85.0,85.0,,34.02,
598.872,94.02,85.0,85.0,85.0,,34.02,
599.021,94.02,85.0,85.0,85.0,,34.02,
599.021,94.02,85.0,85.0,85.0,,34.02,
599.021,94.02,85.0,85.0,85.0,,34.02,
599.021,94.02,85.0,85.0,85.0,,34.02,
599.021,94.02,85.0,85.0,85.0,,34.02,
599.176,94.02,85.0,85.0,85.0,85.08,34.03,74.52
599.176,94.02,85.0,85.0,85.0,85.08,34.03,74.52
599.176,94.02,85.0,85.0,85.0,85.08,34.03,74.52
599.176,94.02,85.0,85.0,85.0,85.08,34.03,74.52
599.176,94.02,85.0,85.0,85.0,85.08,34.03,74.52
599.176,94.02,85.0,85.0,85.0,85.08,34.03,74.52
599.176,94.02,85.0,85.0,85.0,85.08,34.03,74.52
599.321,94.02,85.0,85.0,85.0,,34.02,
599.321,94.02,85.0,85.0,85.0,,34.02,
599.321,94.02,85.0,85.0,85.0,,34.02,
599.321,94.02,85.0,85.0,85.0,,34.02,
599.321,94.02,85.0,85.0,85.0,,34.02,
599.471,94.02,85.0,85.0,85.0,,34.03,
599.471,94.02,85.0,85.0,85.0,,34.03,
599.471,94.02,85.0,85.0,85.0,,34.03,
599.471,94.02,85.0,85.0,85.0,,34.03,
599.471,94.02,85.0,85.0,85.0,,34.03,
599.626,94.02,85.0,85.0,85.0,,34.03,
599.626,94.02,85.0,85.0,85.0,,34.03,
599.626,94.02,85.0,85.0,85.0,,34.03,
599.626,94.02,85.0,85.0,85.0,,34.03,
599.626,94.02,85.0,85.0,85.0,,34.03,
599.771,94.02,85.0,85.0,85.0,85.16,34.03,74.59
599.771,94.02,85.0,85.0,85.0,85.16,34.03,74.59
599.771,94.02,85.0,85.0,85.0,85.16,34.03,74.59
599.771,94.02,85.0,85.0,85.0,85.16,34.03,74.59
599.771,94.02,85.0,85.0,85.0,85.16,34.03,74.59
599.771,94.02,85.0,85.0,85.0,85.16,34.03,74.59
599.771,94.02,85.0,85.0,85.0,85.16,34.03,74.59
599.922,94.02,85.0,85.0,85.0,,34.03,
599.922,94.02,85.0,85.0,85.0,,34.03,
599.922,94.02,85.0,85.0,85.0,,34.03,
599.922,94.02,85.0,85.0,85.0,,34.03,
599.922,94.02,85.0,85.0,85.0,,34.03,
600.076,94.03,85.0,85.0,85.0,,34.02,
600.076,94.03,85.0,85.0,85.0,,34.02,
600.076,94.03,85.0,85.0,85.0,,34.02,
600.076,94.03,85.0,85.0,85.0,,34.02,
600.076,94.03,85.0,85.0,85.0,,34.02,
600.221,94.02,85.0,85.0,85.0,,34.02,
600.221,94.02,85.0,85.0,85.0,,34.02,
600.221,94.02,85.0,85.0,85.0,,34.02,
600.221,94.02,85.0,85.0,85.0,,34.02,
600.221,94.02,85.0,85.0,85.0,,34.02,
600.371,94.02,85.0,85.0,85.0,85.19,34.02,74.66
600.371,94.02,85.0,85.0,85.0,85.19,34.02,74.66
600.371,94.02,85.0,85.0,85.0,85.19,34.02,74.66
600.371,94.02,85.0,85.0,85.0,85.19,34.02,74.66
600.371,94.02,85.0,85.0,85.0,85.19,34.02,74.66
600.371,94.02,85.0,85.0,85.0,85.19,34.02,74.66
600.371,94.02,85.0,85.0,85.0,85.19,34.02,74.66
600.526,94.03,85.0,85.0,85.0,,34.02,
600.526,94.03,85.0,85.0,85.0,,34.02,
600.526,94.03,85.0,85.0,85.0,,34.02,
600.526,94.03,85.0,85.0,85.0,,34.02,
600.526,94.03,85.0,85.0,85.0,,34.02,
600.671,94.03,85.0,85.0,85.0,,34.03,
600.671,94.03,85.0,85.0,85.0,,34.03,
600.671,94.03,85.0,85.0,85.0,,34.03,
600.671,94.03,85.0,85.0,85.0,,34.03,
600.671,94.03,85.0,85.0,85.0,,34.03,
600.822,94.03,85.0,85.0,85.0,,34.03,
600.822,94.03,85.0,85.0,85.0,,34.03,
600.822,94.03,85.0,85.0,85.0,,34.03,
600.822,94.03,85.0,85.0,85.0,,34.03,
600.822,94.03,85.0,85.0,85.0,,34.03,
600.976,94.03,85.0,85.0,85.0,85.21,34.03,74.62
600.976,94.03,85.0,85.0,85.0,85.21,34.03,74.62
600.976,94.03,85.0,85.0,85.0,85.21,34.03,74.62
600.976,94.03,85.0,85.0,85.0,85.21,34.03,74.62
600.976,94.03,85.0,85.0,85.0,85.21,34.03,74.62
600.976,94.03,85.0,85.0,85.0,85.21,34.03,74.62
600.976,94.03,85.0,85.0,85.0,85.21,34.03,74.62
601.122,94.02,85.0,85.0,85.0,,34.03,
601.122,94.02,85.0,85.0,85.0,,34.03,
601.122,94.02,85.0,85.0,85.0,,34.03,
601.122,94.02,85.0,85.0,85.0,,34.03,
601.122,94.02,85.0,85.0,85.0,,34.03,
601.272,94.04,85.0,85.0,85.0,,34.03,
601.272,94.04,85.0,85.0,85.0,,34.03,
601.272,94.04,85.0,85.0,85.0,,34.03,
601.272,94.04,85.0,85.0,85.0,,34.03,
601.272,94.04,85.0,85.0,85.0,,34.03,
601.423,94.04,85.0,85.0,85.0,,34.03,
601.423,94.04,85.0,85.0,85.0,,34.03,
601.423,94.04,85.0,85.0,85.0,,34.03,
601.423,94.04,85.0,85.0,85.0,,34.03,
601.423,94.04,85.0,85.0,85.0,,34.03,
601.573,94.05,85.0,85.0,85.0,85.2,34.03,74.61
601.573,94.05,85.0,85.0,85.0,85.2,34.03,74.61
601.573,94.05,85.0,85.0,85.0,85.2,34.03,74.61
601.573,94.05,85.0,85.0,85.0,85.2,34.03,74.61
601.573,94.05,85.0,85.0,85.0,85.2,34.03,74.61
601.573,94.05,85.0,85.0,85.0,85.2,34.03,74.61
601.573,94.05,85.0,85.0,85.0,85.2,34.03,74.61
601.721,94.04,85.0,85.0,85.0,,34.03,
601.721,94.04,85.0,85.0,85.0,,34.03,
601.721,94.04,85.0,85.0,85.0,,34.03,
601.721,94.04,85.0,85.0,85.0,,34.03,
601.721,94.04,85.0,85.0,85.0,,34.03,
601.871,94.03,85.0,85.0,85.0,,34.03,
601.871,94.03,85.0,85.0,85.0,,34.03,
601.871,94.03,85.0,85.0,85.0,,34.03,
601.871,94.03,85.0,85.0,85.0,,34.03,
601.871,94.03,85.0,85.0,85.0,,34.03,
602.023,94.03,85.0,85.0,85.0,,34.03,
602.023,94.03,85.0,85.0,85.0,,34.03,
602.023,94.03,85.0,85.0,85.0,,34.03,
602.023,94.03,85.0,85.0,85.0,,34.03,
602.023,94.03,85.0,85.0,85.0,,34.03,
602.171,94.02,85.0,85.0,85.0,,34.03,
602.171,94.02,85.0,85.0,85.0,,34.03,
602.171,94.02,85.0,85.0,85.0,,34.03,
602.171,94.02,85.0,85.0,85.0,,34.03,
602.171,94.02,85.0,85.0,85.0,,34.03,
602.201,,,,,85.2,,74.69
602.201,,,,,85.2,,74.69
602.321,94.02,85.0,85.0,85.0,,34.03,
602.321,94.02,85.0,85.0,85.0,,34.03,
602.321,94.02,85.0,85.0,85.0,,34.03,
602.321,94.02,85.0,85.0,85.0,,34.03,
602.321,94.02,85.0,85.0,85.0,,34.03,
602.475,94.03,85.0,85.0,85.0,,34.03,
602.475,94.03,85.0,85.0,85.0,,34.03,
602.475,94.03,85.0,85.0,85.0,,34.03,
602.475,94.03,85.0,85.0,85.0,,34.03,
602.475,94.03,85.0,85.0,85.0,,34.03,
602.624,94.03,85.0,85.0,85.0,,34.03,
602.624,94.03,85.0,85.0,85.0,,34.03,
602.624,94.03,85.0,85.0,85.0,,34.03,
602.624,94.03,85.0,85.0,85.0,,34.03,
602.624,94.03,85.0,85.0,85.0,,34.03,
602.774,94.03,85.0,85.0,85.0,85.15,34.03,74.68
602.774,94.03,85.0,85.0,85.0,85.15,34.03,74.68
602.774,94.03,85.0,85.0,85.0,85.15,34.03,74.68
602.774,94.03,85.0,85.0,85.0,85.15,34.03,74.68
602.774,94.03,85.0,85.0,85.0,85.15,34.03,74.68
602.774,94.03,85.0,85.0,85.0,85.15,34.03,74.68
602.774,94.03,85.0,85.0,85.0,85.15,34.03,74.68
602.925,94.03,85.0,85.0,85.0,,34.03,
602.925,94.03,85.0,85.0,85.0,,34.03,
602.925,94.03,85.0,85.0,85.0,,34.03,
602.925,94.03,85.0,85.0,85.0,,34.03,
602.925,94.03,85.0,85.0,85.0,,34.03,
603.076,94.03,85.0,85.0,85.0,,34.03,
603.076,94.03,85.0,85.0,85.0,,34.03,
603.076,94.03,85.0,85.0,85.0,,34.03,
603.076,94.03,85.0,85.0,85.0,,34.03,
603.076,94.03,85.0,85.0,85.0,,34.03,
603.223,94.03,85.0,85.0,85.0,,34.02,
603.223,94.03,85.0,85.0,85.0,,34.02,
603.223,94.03,85.0,85.0,85.0,,34.02,
603.223,94.03,85.0,85.0,85.0,,34.02,
603.223,94.03,85.0,85.0,85.0,,34.02,
603.374,94.03,85.0,85.0,85.0,85.21,34.02,74.67
603.374,94.03,85.0,85.0,85.0,85.21,34.02,74.67
603.374,94.03,85.0,85.0,85.0,85.21,34.02,74.67
603.374,94.03,85.0,85.0,85.0,85.21,34.02,74.67
603.374,94.03,85.0,85.0,85.0,85.21,34.02,74.67
603.374,94.03,85.0,85.0,85.0,85.21,34.02,74.67
603.374,94.03,85.0,85.0,85.0,85.21,34.02,74.67
603.523,94.03,85.0,85.0,85.0,,34.03,
603.523,94.03,85.0,85.0,85.0,,34.03,
603.523,94.03,85.0,85.0,85.0,,34.03,
603.523,94.03,85.0,85.0,85.0,,34.03,
603.523,94.03,85.0,85.0,85.0,,34.03,
603.674,94.03,85.0,85.0,85.0,,34.03,
603.674,94.03,85.0,85.0,85.0,,34.03,
603.674,94.03,85.0,85.0,85.0,,34.03,
603.674,94.03,85.0,85.0,85.0,,34.03,
603.674,94.03,85.0,85.0,85.0,,34.03,
603.823,94.04,85.0,85.0,85.0,,34.03,
603.823,94.04,85.0,85.0,85.0,,34.03,
603.823,94.04,85.0,85.0,85.0,,34.03,
603.823,94.04,85.0,85.0,85.0,,34.03,
603.823,94.04,85.0,85.0,85.0,,34.03,
603.974,94.03,85.0,85.0,85.0,85.23,34.02,74.74
603.974,94.03,85.0,85.0,85.0,85.23,34.02,74.74
603.974,94.03,85.0,85.0,85.0,85.23,34.02,74.74
603.974,94.03,85.0,85.0,85.0,85.23,34.02,74.74
603.974,94.03,85.0,85.0,85.0,85.23,34.02,74.74
603.974,94.03,85.0,85.0,85.0,85.23,34.02,74.74
603.974,94.03,85.0,85.0,85.0,85.23,34.02,74.74
604.124,94.04,85.0,85.0,85.0,,34.03,
604.124,94.04,85.0,85.0,85.0,,34.03,
604.124,94.04,85.0,85.0,85.0,,34.03,
604.124,94.04,85.0,85.0,85.0,,34.03,
604.124,94.04,85.0,85.0,85.0,,34.03,
604.274,94.03,85.0,85.0,85.0,,34.03,
604.274,94.03,85.0,85.0,85.0,,34.03,
604.274,94.03,85.0,85.0,85.0,,34.03,
604.274,94.03,85.0,85.0,85.0,,34.03,
604.274,94.03,85.0,85.0,85.0,,34.03,
604.423,94.02,85.0,85.0,85.0,,34.03,
604.423,94.02,85.0,85.0,85.0,,34.03,
604.423,94.02,85.0,85.0,85.0,,34.03,
604.423,94.02,85.0,85.0,85.0,,34.03,
604.423,94.02,85.0,85.0,85.0,,34.03,
604.573,94.03,85.0,85.0,85.0,85.22,34.02,74.79
604.573,94.03,85.0,85.0,85.0,85.22,34.02,74.79
604.573,94.03,85.0,85.0,85.0,85.22,34.02,74.79
604.573,94.03,85.0,85.0,85.0,85.22,34.02,74.79
604.573,94.03,85.0,85.0,85.0,85.22,34.02,74.79
604.573,94.03,85.0,85.0,85.0,85.22,34.02,74.79
604.573,94.03,85.0,85.0,85.0,85.22,34.02,74.79
604.727,94.02,85.0,85.0,85.0,,34.02,
604.727,94.02,85.0,85.0,85.0,,34.02,
604.727,94.02,85.0,85.0,85.0,,34.02,
604.727,94.02,85.0,85.0,85.0,,34.02,
604.727,94.02,85.0,85.0,85.0,,34.02,
604.876,94.02,85.0,85.0,85.0,,34.03,
604.876,94.02,85.0,85.0,85.0,,34.03,
604.876,94.02,85.0,85.0,85.0,,34.03,
604.876,94.02,85.0,85.0,85.0,,34.03,
604.876,94.02,85.0,85.0,85.0,,34.03,
605.026,94.03,85.0,85.0,85.0,,34.03,
605.026,94.03,85.0,85.0,85.0,,34.03,
605.026,94.03,85.0,85.0,85.0,,34.03,
605.026,94.03,85.0,85.0,85.0,,34.03,
605.026,94.03,85.0,85.0,85.0,,34.03,
605.177,94.03,85.0,85.0,85.0,85.26,34.02,74.73
605.177,94.03,85.0,85.0,85.0,85.26,34.02,74.73
605.177,94.03,85.0,85.0,85.0,85.26,34.02,74.73
605.177,94.03,85.0,85.0,85.0,85.26,34.02,74.73
605.177,94.03,85.0,85.0,85.0,85.26,34.02,74.73
605.177,94.03,85.0,85.0,85.0,85.26,34.02,74.73
605.177,94.03,85.0,85.0,85.0,85.26,34.02,74.73
605.325,94.02,85.0,85.0,85.0,,34.03,
605.325,94.02,85.0,85.0,85.0,,34.03,
605.325,94.02,85.0,85.0,85.0,,34.03,
605.325,94.02,85.0,85.0,85.0,,34.03,
605.325,94.02,85.0,85.0,85.0,,34.03,
605.476,94.02,85.0,85.0,85.0,,34.03,
605.476,94.02,85.0,85.0,85.0,,34.03,
605.476,94.02,85.0,85.0,85.0,,34.03,
605.476,94.02,85.0,85.0,85.0,,34.03,
605.476,94.02,85.0,85.0,85.0,,34.03,
605.627,94.02,85.0,85.0,85.0,,34.03,
605.627,94.02,85.0,85.0,85.0,,34.03,
605.627,94.02,85.0,85.0,85.0,,34.03,
605.627,94.02,85.0,85.0,85.0,,34.03,
605.627,94.02,85.0,85.0,85.0,,34.03,
605.776,94.02,85.0,85.0,85.0,85.24,34.03,74.8
605.776,94.02,85.0,85.0,85.0,85.24,34.03,74.8
605.776,94.02,85.0,85.0,85.0,85.24,34.03,74.8
605.776,94.02,85.0,85.0,85.0,85.24,34.03,74.8
605.776,94.02,85.0,85.0,85.0,85.24,34.03,74.8
605.776,94.02,85.0,85.0,85.0,85.24,34.03,74.8
605.776,94.02,85.0,85.0,85.0,85.24,34.03,74.8
605.926,94.03,85.0,85.0,85.0,,34.03,
605.926,94.03,85.0,85.0,85.0,,34.03,
605.926,94.03,85.0,85.0,85.0,,34.03,
605.926,94.03,85.0,85.0,85.0,,34.03,
605.926,94.03,85.0,85.0,85.0,,34.03,
606.077,94.01,85.0,85.0,85.0,,34.03,
606.077,94.01,85.0,85.0,85.0,,34.03,
606.077,94.01,85.0,85.0,85.0,,34.03,
606.077,94.01,85.0,85.0,85.0,,34.03,
606.077,94.01,85.0,85.0,85.0,,34.03,
606.226,94.02,85.0,85.0,85.0,,34.03,
606.226,94.02,85.0,85.0,85.0,,34.03,
606.226,94.02,85.0,85.0,85.0,,34.03,
606.226,94.02,85.0,85.0,85.0,,34.03,
606.226,94.02,85.0,85.0,85.0,,34.03,
606.376,94.01,85.0,85.0,85.0,85.34,34.02,74.84
606.376,94.01,85.0,85.0,85.0,85.34,34.02,74.84
606.376,94.01,85.0,85.0,85.0,85.34,34.02,74.84
606.376,94.01,85.0,85.0,85.0,85.34,34.02,74.84
606.376,94.01,85.0,85.0,85.0,85.34,34.02,74.84
606.376,94.01,85.0,85.0,85.0,85.34,34.02,74.84
606.376,94.01,85.0,85.0,85.0,85.34,34.02,74.84
606.527,94.03,85.0,85.0,85.0,,34.03,
606.527,94.03,85.0,85.0,85.0,,34.03,
606.527,94.03,85.0,85.0,85.0,,34.03,
606.527,94.03,85.0,85.0,85.0,,34.03,
606.527,94.03,85.0,85.0,85.0,,34.03,
606.677,94.02,85.0,85.0,85.0,,34.03,
606.677,94.02,85.0,85.0,85.0,,34.03,
606.677,94.02,85.0,85.0,85.0,,34.03,
606.677,94.02,85.0,85.0,85.0,,34.03,
606.677,94.02,85.0,85.0,85.0,,34.03,
606.826,94.01,85.0,85.0,85.0,,34.03,
606.826,94.01,85.0,85.0,85.0,,34.03,
606.826,94.01,85.0,85.0,85.0,,34.03,
606.826,94.01,85.0,85.0,85.0,,34.03,
606.826,94.01,85.0,85.0,85.0,,34.03,
606.977,94.03,85.0,85.0,85.0,85.28,34.03,74.83
606.977,94.03,85.0,85.0,85.0,85.28,34.03,74.83
606.977,94.03,85.0,85.0,85.0,85.28,34.03,74.83
606.977,94.03,85.0,85.0,85.0,85.28,34.03,74.83
606.977,94.03,85.0,85.0,85.0,85.28,34.03,74.83
606.977,94.03,85.0,85.0,85.0,85.28,34.03,74.83
606.977,94.03,85.0,85.0,85.0,85.28,34.03,74.83
607.127,94.03,85.0,85.0,85.0,,34.03,
607.127,94.03,85.0,85.0,85.0,,34.03,
607.127,94.03,85.0,85.0,85.0,,34.03,
607.127,94.03,85.0,85.0,85.0,,34.03,
607.127,94.03,85.0,85.0,85.0,,34.03,
607.276,94.02,85.0,85.0,85.0,,34.03,
607.276,94.02,85.0,85.0,85.0,,34.03,
607.276,94.02,85.0,85.0,85.0,,34.03,
607.276,94.02,85.0,85.0,85.0,,34.03,
607.276,94.02,85.0,85.0,85.0,,34.03,
607.433,94.03,85.0,85.0,85.0,,34.03,
607.433,94.03,85.0,85.0,85.0,,34.03,
607.433,94.03,85.0,85.0,85.0,,34.03,
607.433,94.03,85.0,85.0,85.0,,34.03,
607.433,94.03,85.0,85.0,85.0,,34.03,
607.58,94.02,85.0,85.0,85.0,85.25,34.03,74.82
607.58,94.02,85.0,85.0,85.0,85.25,34.03,74.82
607.58,94.02,85.0,85.0,85.0,85.25,34.03,74.82
607.58,94.02,85.0,85.0,85.0,85.25,34.03,74.82
607.58,94.02,85.0,85.0,85.0,85.25,34.03,74.82
607.58,94.02,85.0,85.0,85.0,85.25,34.03,74.82
607.58,94.02,85.0,85.0,85.0,85.25,34.03,74.82
607.731,94.01,85.0,85.0,85.0,,34.03,
607.731,94.01,85.0,85.0,85.0,,34.03,
607.731,94.01,85.0,85.0,85.0,,34.03,
607.731,94.01,85.0,85.0,85.0,,34.03,
607.731,94.01,85.0,85.0,85.0,,34.03,
607.883,94.03,85.0,85.0,85.0,,34.02,
607.883,94.03,85.0,85.0,85.0,,34.02,
607.883,94.03,85.0,85.0,85.0,,34.02,
607.883,94.03,85.0,85.0,85.0,,34.02,
607.883,94.03,85.0,85.0,85.0,,34.02,
608.032,94.02,85.0,85.0,85.0,,34.03,
608.032,94.02,85.0,85.0,85.0,,34.03,
608.032,94.02,85.0,85.0,85.0,,34.03,
608.032,94.02,85.0,85.0,85.0,,34.03,
608.032,94.02,85.0,85.0,85.0,,34.03,
608.183,94.02,85.0,85.0,85.0,85.33,34.03,74.86
608.183,94.02,85.0,85.0,85.0,85.33,34.03,74.86
608.183,94.02,85.0,85.0,85.0,85.33,34.03,74.86
608.183,94.02,85.0,85.0,85.0,85.33,34.03,74.86
608.183,94.02,85.0,85.0,85.0,85.33,34.03,74.86
608.183,94.02,85.0,85.0,85.0,85.33,34.03,74.86
608.183,94.02,85.0,85.0,85.0,85.33,34.03,74.86
608.334,94.01,85.0,85.0,85.0,,34.03,
608.334,94.01,85.0,85.0,85.0,,34.03,
608.334,94.01,85.0,85.0,85.0,,34.03,
608.334,94.01,85.0,85.0,85.0,,34.03,
608.334,94.01,85.0,85.0,85.0,,34.03,
608.483,94.02,85.0,85.0,85.0,,34.03,
608.483,94.02,85.0,85.0,85.0,,34.03,
608.483,94.02,85.0,85.0,85.0,,34.03,
608.483,94.02,85.0,85.0,85.0,,34.03,
608.483,94.02,85.0,85.0,85.0,,34.03,
608.632,94.02,85.0,85.0,85.0,,34.03,
608.632,94.02,85.0,85.0,85.0,,34.03,
608.632,94.02,85.0,85.0,85.0,,34.03,
608.632,94.02,85.0,85.0,85.0,,34.03,
608.632,94.02,85.0,85.0,85.0,,34.03,
608.784,94.02,85.0,85.0,85.0,,34.04,
608.784,94.02,85.0,85.0,85.0,,34.04,
608.784,94.02,85.0,85.0,85.0,,34.04,
608.784,94.02,85.0,85.0,85.0,,34.04,
608.784,94.02,85.0,85.0,85.0,,34.04,
608.876,,,,,85.37,,74.95
608.876,,,,,85.37,,74.95
608.933,94.01,85.0,85.0,85.0,,34.03,
608.933,94.01,85.0,85.0,85.0,,34.03,
608.933,94.01,85.0,85.0,85.0,,34.03,
608.933,94.01,85.0,85.0,85.0,,34.03,
608.933,94.01,85.0,85.0,85.0,,34.03,
609.082,94.01,85.0,85.0,85.0,,34.03,
609.082,94.01,85.0,85.0,85.0,,34.03,
609.082,94.01,85.0,85.0,85.0,,34.03,
609.082,94.01,85.0,85.0,85.0,,34.03,
609.082,94.01,85.0,85.0,85.0,,34.03,
609.234,94.02,85.0,85.0,85.0,,34.04,
609.234,94.02,85.0,85.0,85.0,,34.04,
609.234,94.02,85.0,85.0,85.0,,34.04,
609.234,94.02,85.0,85.0,85.0,,34.04,
609.234,94.02,85.0,85.0,85.0,,34.04,
609.382,94.02,85.0,85.0,85.0,85.37,34.03,74.94
609.382,94.02,85.0,85.0,85.0,85.37,34.03,74.94
609.382,94.02,85.0,85.0,85.0,85.37,34.03,74.94
609.382,94.02,85.0,85.0,85.0,85.37,34.03,74.94
609.382,94.02,85.0,85.0,85.0,85.37,34.03,74.94
609.382,94.02,85.0,85.0,85.0,85.37,34.03,74.94
609.382,94.02,85.0,85.0,85.0,85.37,34.03,74.94
609.533,94.02,85.0,85.0,85.0,,34.03,
609.533,94.02,85.0,85.0,85.0,,34.03,
609.533,94.02,85.0,85.0,85.0,,34.03,
609.533,94.02,85.0,85.0,85.0,,34.03,
609.533,94.02,85.0,85.0,85.0,,34.03,
609.687,94.02,85.0,85.0,85.0,,34.03,
609.687,94.02,85.0,85.0,85.0,,34.03,
609.687,94.02,85.0,85.0,85.0,,34.03,
609.687,94.02,85.0,85.0,85.0,,34.03,
609.687,94.02,85.0,85.0,85.0,,34.03,
609.832,94.02,85.0,85.0,85.0,,34.04,
609.832,94.02,85.0,85.0,85.0,,34.04,
609.832,94.02,85.0,85.0,85.0,,34.04,
609.832,94.02,85.0,85.0,85.0,,34.04,
609.832,94.02,85.0,85.0,85.0,,34.04,
609.982,94.03,85.0,85.0,85.0,,34.03,
609.982,94.03,85.0,85.0,85.0,,34.03,
609.982,94.03,85.0,85.0,85.0,,34.03,
609.982,94.03,85.0,85.0,85.0,,34.03,
609.982,94.03,85.0,85.0,85.0,,34.03,
609.991,,,,,85.42,,74.91
609.991,,,,,85.42,,74.91
610.137,94.02,85.0,85.0,85.0,,34.04,
610.137,94.02,85.0,85.0,85.0,,34.04,
610.137,94.02,85.0,85.0,85.0,,34.04,
610.137,94.02,85.0,85.0,85.0,,34.04,
610.137,94.02,85.0,85.0,85.0,,34.04,
610.282,94.01,85.0,85.0,85.0,,34.03,
610.282,94.01,85.0,85.0,85.0,,34.03,
610.282,94.01,85.0,85.0,85.0,,34.03,
610.282,94.01,85.0,85.0,85.0,,34.03,
610.282,94.01,85.0,85.0,85.0,,34.03,
610.432,94.02,85.0,85.0,85.0,,34.03,
610.432,94.02,85.0,85.0,85.0,,34.03,
610.432,94.02,85.0,85.0,85.0,,34.03,
610.432,94.02,85.0,85.0,85.0,,34.03,
610.432,94.02,85.0,85.0,85.0,,34.03,
610.606,94.01,85.0,85.0,85.0,85.31,34.03,74.92
610.606,94.01,85.0,85.0,85.0,85.31,34.03,74.92
610.606,94.01,85.0,85.0,85.0,85.31,34.03,74.92
610.606,94.01,85.0,85.0,85.0,85.31,34.03,74.92
610.606,94.01,85.0,85.0,85.0,85.31,34.03,74.92
610.606,94.01,85.0,85.0,85.0,85.31,34.03,74.92
610.606,94.01,85.0,85.0,85.0,85.31,34.03,74.92
610.756,94.02,85.0,85.0,85.0,,34.03,
610.756,94.02,85.0,85.0,85.0,,34.03,
610.756,94.02,85.0,85.0,85.0,,34.03,
610.756,94.02,85.0,85.0,85.0,,34.03,
610.756,94.02,85.0,85.0,85.0,,34.03,
610.906,94.02,85.0,85.0,85.0,,34.04,
610.906,94.02,85.0,85.0,85.0,,34.04,
610.906,94.02,85.0,85.0,85.0,,34.04,
610.906,94.02,85.0,85.0,85.0,,34.04,
610.906,94.02,85.0,85.0,85.0,,34.04,
611.056,94.02,85.0,85.0,85.0,,34.03,
611.056,94.02,85.0,85.0,85.0,,34.03,
611.056,94.02,85.0,85.0,85.0,,34.03,
611.056,94.02,85.0,85.0,85.0,,34.03,
611.056,94.02,85.0,85.0,85.0,,34.03,
611.206,94.03,85.0,85.0,85.0,85.39,34.03,75.02
611.206,94.03,85.0,85.0,85.0,85.39,34.03,75.02
611.206,94.03,85.0,85.0,85.0,85.39,34.03,75.02
611.206,94.03,85.0,85.0,85.0,85.39,34.03,75.02
611.206,94.03,85.0,85.0,85.0,85.39,34.03,75.02
611.206,94.03,85.0,85.0,85.0,85.39,34.03,75.02
611.206,94.03,85.0,85.0,85.0,85.39,34.03,75.02
611.355,94.02,85.0,85.0,85.0,,34.03,
611.355,94.02,85.0,85.0,85.0,,34.03,
611.355,94.02,85.0,85.0,85.0,,34.03,
611.355,94.02,85.0,85.0,85.0,,34.03,
611.355,94.02,85.0,85.0,85.0,,34.03,
611.505,94.03,85.0,85.0,85.0,,34.03,
611.505,94.03,85.0,85.0,85.0,,34.03,
611.505,94.03,85.0,85.0,85.0,,34.03,
611.505,94.03,85.0,85.0,85.0,,34.03,
611.505,94.03,85.0,85.0,85.0,,34.03,
611.656,94.04,85.0,85.0,85.0,,34.04,
611.656,94.04,85.0,85.0,85.0,,34.04,
611.656,94.04,85.0,85.0,85.0,,34.04,
611.656,94.04,85.0,85.0,85.0,,34.04,
611.656,94.04,85.0,85.0,85.0,,34.04,
611.805,94.03,85.0,85.0,85.0,85.31,34.04,75.05
611.805,94.03,85.0,85.0,85.0,85.31,34.04,75.05
611.805,94.03,85.0,85.0,85.0,85.31,34.04,75.05
611.805,94.03,85.0,85.0,85.0,85.31,34.04,75.05
611.805,94.03,85.0,85.0,85.0,85.31,34.04,75.05
611.805,94.03,85.0,85.0,85.0,85.31,34.04,75.05
611.805,94.03,85.0,85.0,85.0,85.31,34.04,75.05
611.956,94.02,85.0,85.0,85.0,,34.04,
611.956,94.02,85.0,85.0,85.0,,34.04,
611.956,94.02,85.0,85.0,85.0,,34.04,
611.956,94.02,85.0,85.0,85.0,,34.04,
611.956,94.02,85.0,85.0,85.0,,34.04,
612.107,94.03,85.0,85.0,85.0,,34.03,
612.107,94.03,85.0,85.0,85.0,,34.03,
612.107,94.03,85.0,85.0,85.0,,34.03,
612.107,94.03,85.0,85.0,85.0,,34.03,
612.107,94.03,85.0,85.0,85.0,,34.03,
612.255,94.02,85.0,85.0,85.0,,34.03,
612.255,94.02,85.0,85.0,85.0,,34.03,
612.255,94.02,85.0,85.0,85.0,,34.03,
612.255,94.02,85.0,85.0,85.0,,34.03,
612.255,94.02,85.0,85.0,85.0,,34.03,
612.406,94.02,85.0,85.0,85.0,85.4,34.03,75.04
612.406,94.02,85.0,85.0,85.0,85.4,34.03,75.04
612.406,94.02,85.0,85.0,85.0,85.4,34.03,75.04
612.406,94.02,85.0,85.0,85.0,85.4,34.03,75.04
612.406,94.02,85.0,85.0,85.0,85.4,34.03,75.04
612.406,94.02,85.0,85.0,85.0,85.4,34.03,75.04
612.406,94.02,85.0,85.0,85.0,85.4,34.03,75.04
612.555,94.02,85.0,85.0,85.0,,34.04,
612.555,94.02,85.0,85.0,85.0,,34.04,
612.555,94.02,85.0,85.0,85.0,,34.04,
612.555,94.02,85.0,85.0,85.0,,34.04,
612.555,94.02,85.0,85.0,85.0,,34.04,
612.706,94.02,85.0,85.0,85.0,,34.04,
612.706,94.02,85.0,85.0,85.0,,34.04,
612.706,94.02,85.0,85.0,85.0,,34.04,
612.706,94.02,85.0,85.0,85.0,,34.04,
612.706,94.02,85.0,85.0,85.0,,34.04,
612.855,94.02,85.0,85.0,85.0,,34.04,
612.855,94.02,85.0,85.0,85.0,,34.04,
612.855,94.02,85.0,85.0,85.0,,34.04,
612.855,94.02,85.0,85.0,85.0,,34.04,
612.855,94.02,85.0,85.0,85.0,,34.04,
613.006,94.03,85.0,85.0,85.0,85.42,34.04,75.0
613.006,94.03,85.0,85.0,85.0,85.42,34.04,75.0
613.006,94.03,85.0,85.0,85.0,85.42,34.04,75.0
613.006,94.03,85.0,85.0,85.0,85.42,34.04,75.0
613.006,94.03,85.0,85.0,85.0,85.42,34.04,75.0
613.006,94.03,85.0,85.0,85.0,85.42,34.04,75.0
613.006,94.03,85.0,85.0,85.0,85.42,34.04,75.0
613.156,94.02,85.0,85.0,85.0,,34.04,
613.156,94.02,85.0,85.0,85.0,,34.04,
613.156,94.02,85.0,85.0,85.0,,34.04,
613.156,94.02,85.0,85.0,85.0,,34.04,
613.156,94.02,85.0,85.0,85.0,,34.04,
613.306,94.02,85.0,85.0,85.0,,34.04,
613.306,94.02,85.0,85.0,85.0,,34.04,
613.306,94.02,85.0,85.0,85.0,,34.04,
613.306,94.02,85.0,85.0,85.0,,34.04,
613.306,94.02,85.0,85.0,85.0,,34.04,
613.456,94.02,85.0,85.0,85.0,,34.04,
613.456,94.02,85.0,85.0,85.0,,34.04,
613.456,94.02,85.0,85.0,85.0,,34.04,
613.456,94.02,85.0,85.0,85.0,,34.04,
613.456,94.02,85.0,85.0,85.0,,34.04,
613.608,94.02,85.0,85.0,85.0,85.46,34.04,75.02
613.608,94.02,85.0,85.0,85.0,85.46,34.04,75.02
613.608,94.02,85.0,85.0,85.0,85.46,34.04,75.02
613.608,94.02,85.0,85.0,85.0,85.46,34.04,75.02
613.608,94.02,85.0,85.0,85.0,85.46,34.04,75.02
613.608,94.02,85.0,85.0,85.0,85.46,34.04,75.02
613.608,94.02,85.0,85.0,85.0,85.46,34.04,75.02
613.757,94.01,85.0,85.0,85.0,,34.04,
613.757,94.01,85.0,85.0,85.0,,34.04,
613.757,94.01,85.0,85.0,85.0,,34.04,
613.757,94.01,85.0,85.0,85.0,,34.04,
613.757,94.01,85.0,85.0,85.0,,34.04,
613.907,94.03,85.0,85.0,85.0,,34.04,
613.907,94.03,85.0,85.0,85.0,,34.04,
613.907,94.03,85.0,85.0,85.0,,34.04,
613.907,94.03,85.0,85.0,85.0,,34.04,
613.907,94.03,85.0,85.0,85.0,,34.04,
614.058,94.03,85.0,85.0,85.0,,34.04,
614.058,94.03,85.0,85.0,85.0,,34.04,
614.058,94.03,85.0,85.0,85.0,,34.04,
614.058,94.03,85.0,85.0,85.0,,34.04,
614.058,94.03,85.0,85.0,85.0,,34.04,
614.208,94.03,85.0,85.0,85.0,85.49,34.04,75.07
614.208,94.03,85.0,85.0,85.0,85.49,34.04,75.07
614.208,94.03,85.0,85.0,85.0,85.49,34.04,75.07
614.208,94.03,85.0,85.0,85.0,85.49,34.04,75.07
614.208,94.03,85.0,85.0,85.0,85.49,34.04,75.07
614.208,94.03,85.0,85.0,85.0,85.49,34.04,75.07
614.208,94.03,85.0,85.0,85.0,85.49,34.04,75.07
614.358,94.04,85.0,85.0,85.0,,34.04,
614.358,94.04,85.0,85.0,85.0,,34.04,
614.358,94.04,85.0,85.0,85.0,,34.04,
614.358,94.04,85.0,85.0,85.0,,34.04,
614.358,94.04,85.0,85.0,85.0,,34.04,
614.508,94.03,85.0,85.0,85.0,,34.04,
614.508,94.03,85.0,85.0,85.0,,34.04,
614.508,94.03,85.0,85.0,85.0,,34.04,
614.508,94.03,85.0,85.0,85.0,,34.04,
614.508,94.03,85.0,85.0,85.0,,34.04,
614.658,94.03,85.0,85.0,85.0,,34.04,
614.658,94.03,85.0,85.0,85.0,,34.04,
614.658,94.03,85.0,85.0,85.0,,34.04,
614.658,94.03,85.0,85.0,85.0,,34.04,
614.658,94.03,85.0,85.0,85.0,,34.04,
614.808,94.02,85.0,85.0,85.0,85.46,34.05,75.1
614.808,94.02,85.0,85.0,85.0,85.46,34.05,75.1
614.808,94.02,85.0,85.0,85.0,85.46,34.05,75.1
614.808,94.02,85.0,85.0,85.0,85.46,34.05,75.1
614.808,94.02,85.0,85.0,85.0,85.46,34.05,75.1
614.808,94.02,85.0,85.0,85.0,85.46,34.05,75.1
614.808,94.02,85.0,85.0,85.0,85.46,34.05,75.1
614.958,94.03,85.0,85.0,85.0,,34.04,
614.958,94.03,85.0,85.0,85.0,,34.04,
614.958,94.03,85.0,85.0,85.0,,34.04,
614.958,94.03,85.0,85.0,85.0,,34.04,
614.958,94.03,85.0,85.0,85.0,,34.04,
615.108,94.03,85.0,85.0,85.0,,34.04,
615.108,94.03,85.0,85.0,85.0,,34.04,
615.108,94.03,85.0,85.0,85.0,,34.04,
615.108,94.03,85.0,85.0,85.0,,34.04,
615.108,94.03,85.0,85.0,85.0,,34.04,
615.258,94.04,85.0,85.0,85.0,,34.05,
615.258,94.04,85.0,85.0,85.0,,34.05,
615.258,94.04,85.0,85.0,85.0,,34.05,
615.258,94.04,85.0,85.0,85.0,,34.05,
615.258,94.04,85.0,85.0,85.0,,34.05,
615.409,94.03,85.0,85.0,85.0,85.42,34.04,75.07
615.409,94.03,85.0,85.0,85.0,85.42,34.04,75.07
615.409,94.03,85.0,85.0,85.0,85.42,34.04,75.07
615.409,94.03,85.0,85.0,85.0,85.42,34.04,75.07
615.409,94.03,85.0,85.0,85.0,85.42,34.04,75.07
615.409,94.03,85.0,85.0,85.0,85.42,34.04,75.07
615.409,94.03,85.0,85.0,85.0,85.42,34.04,75.07
615.558,94.04,85.0,85.0,85.0,,34.04,
615.558,94.04,85.0,85.0,85.0,,34.04,
615.558,94.04,85.0,85.0,85.0,,34.04,
615.558,94.04,85.0,85.0,85.0,,34.04,
615.558,94.04,85.0,85.0,85.0,,34.04,
615.708,94.03,85.0,85.0,85.0,,34.04,
615.708,94.03,85.0,85.0,85.0,,34.04,
615.708,94.03,85.0,85.0,85.0,,34.04,
615.708,94.03,85.0,85.0,85.0,,34.04,
615.708,94.03,85.0,85.0,85.0,,34.04,
615.859,94.04,85.0,85.0,85.0,,34.04,
615.859,94.04,85.0,85.0,85.0,,34.04,
615.859,94.04,85.0,85.0,85.0,,34.04,
615.859,94.04,85.0,85.0,85.0,,34.04,
615.859,94.04,85.0,85.0,85.0,,34.04,
616.008,94.03,85.0,85.0,85.0,85.47,34.05,75.18
616.008,94.03,85.0,85.0,85.0,85.47,34.05,75.18
616.008,94.03,85.0,85.0,85.0,85.47,34.05,75.18
616.008,94.03,85.0,85.0,85.0,85.47,34.05,75.18
616.008,94.03,85.0,85.0,85.0,85.47,34.05,75.18
616.008,94.03,85.0,85.0,85.0,85.47,34.05,75.18
616.008,94.03,85.0,85.0,85.0,85.47,34.05,75.18
616.158,94.04,85.0,85.0,85.0,,34.04,
616.158,94.04,85.0,85.0,85.0,,34.04,
616.158,94.04,85.0,85.0,85.0,,34.04,
616.158,94.04,85.0,85.0,85.0,,34.04,
616.158,94.04,85.0,85.0,85.0,,34.04,
616.312,94.03,85.0,85.0,85.0,,34.05,
616.312,94.03,85.0,85.0,85.0,,34.05,
616.312,94.03,85.0,85.0,85.0,,34.05,
616.312,94.03,85.0,85.0,85.0,,34.05,
616.312,94.03,85.0,85.0,85.0,,34.05,
616.459,94.03,85.0,85.0,85.0,,34.04,
616.459,94.03,85.0,85.0,85.0,,34.04,
616.459,94.03,85.0,85.0,85.0,,34.04,
616.459,94.03,85.0,85.0,85.0,,34.04,
616.459,94.03,85.0,85.0,85.0,,34.04,
616.609,94.02,85.0,85.0,85.0,85.5,34.04,75.15
616.609,94.02,85.0,85.0,85.0,85.5,34.04,75.15
616.609,94.02,85.0,85.0,85.0,85.5,34.04,75.15
616.609,94.02,85.0,85.0,85.0,85.5,34.04,75.15
616.609,94.02,85.0,85.0,85.0,85.5,34.04,75.15
616.609,94.02,85.0,85.0,85.0,85.5,34.04,75.15
616.609,94.02,85.0,85.0,85.0,85.5,34.04,75.15
616.764,94.02,85.0,85.0,85.0,,34.04,
616.764,94.02,85.0,85.0,85.0,,34.04,
616.764,94.02,85.0,85.0,85.0,,34.04,
616.764,94.02,85.0,85.0,85.0,,34.04,
616.764,94.02,85.0,85.0,85.0,,34.04,
616.909,94.02,85.0,85.0,85.0,,34.04,
616.909,94.02,85.0,85.0,85.0,,34.04,
616.909,94.02,85.0,85.0,85.0,,34.04,
616.909,94.02,85.0,85.0,85.0,,34.04,
616.909,94.02,85.0,85.0,85.0,,34.04,
617.058,94.01,85.0,85.0,85.0,,34.05,
617.058,94.01,85.0,85.0,85.0,,34.05,
617.058,94.01,85.0,85.0,85.0,,34.05,
617.058,94.01,85.0,85.0,85.0,,34.05,
617.058,94.01,85.0,85.0,85.0,,34.05,
617.213,94.02,85.0,85.0,85.0,85.5,34.05,75.14
617.213,94.02,85.0,85.0,85.0,85.5,34.05,75.14
617.213,94.02,85.0,85.0,85.0,85.5,34.05,75.14
617.213,94.02,85.0,85.0,85.0,85.5,34.05,75.14
617.213,94.02,85.0,85.0,85.0,85.5,34.05,75.14
617.213,94.02,85.0,85.0,85.0,85.5,34.05,75.14
617.213,94.02,85.0,85.0,85.0,85.5,34.05,75.14
617.359,94.03,85.0,85.0,85.0,,34.05,
617.359,94.03,85.0,85.0,85.0,,34.05,
617.359,94.03,85.0,85.0,85.0,,34.05,
617.359,94.03,85.0,85.0,85.0,,34.05,
617.359,94.03,85.0,85.0,85.0,,34.05,
617.509,94.03,85.0,85.0,85.0,,34.05,
617.509,94.03,85.0,85.0,85.0,,34.05,
617.509,94.03,85.0,85.0,85.0,,34.05,
617.509,94.03,85.0,85.0,85.0,,34.05,
617.509,94.03,85.0,85.0,85.0,,34.05,
617.663,94.01,85.0,85.0,85.0,,34.05,
617.663,94.01,85.0,85.0,85.0,,34.05,
617.663,94.01,85.0,85.0,85.0,,34.05,
617.663,94.01,85.0,85.0,85.0,,34.05,
617.663,94.01,85.0,85.0,85.0,,34.05,
617.808,94.02,85.0,85.0,85.0,,34.05,
617.808,94.02,85.0,85.0,85.0,,34.05,
617.808,94.02,85.0,85.0,85.0,,34.05,
617.808,94.02,85.0,85.0,85.0,,34.05,
617.808,94.02,85.0,85.0,85.0,,34.05,
617.832,,,,,85.46,,75.1
617.832,,,,,85.46,,75.1
617.958,94.02,85.0,85.0,85.0,,34.05,
617.958,94.02,85.0,85.0,85.0,,34.05,
617.958,94.02,85.0,85.0,85.0,,34.05,
617.958,94.02,85.0,85.0,85.0,,34.05,
617.958,94.02,85.0,85.0,85.0,,34.05,
618.113,94.01,85.0,85.0,85.0,,34.05,
618.113,94.01,85.0,85.0,85.0,,34.05,
618.113,94.01,85.0,85.0,85.0,,34.05,
618.113,94.01,85.0,85.0,85.0,,34.05,
618.113,94.01,85.0,85.0,85.0,,34.05,
618.259,94.03,85.0,85.0,85.0,,34.05,
618.259,94.03,85.0,85.0,85.0,,34.05,
618.259,94.03,85.0,85.0,85.0,,34.05,
618.259,94.03,85.0,85.0,85.0,,34.05,
618.259,94.03,85.0,85.0,85.0,,34.05,
618.408,94.01,85.0,85.0,85.0,85.48,34.05,75.1
618.408,94.01,85.0,85.0,85.0,85.48,34.05,75.1
618.408,94.01,85.0,85.0,85.0,85.48,34.05,75.1
618.408,94.01,85.0,85.0,85.0,85.48,34.05,75.1
618.408,94.01,85.0,85.0,85.0,85.48,34.05,75.1
618.408,94.01,85.0,85.0,85.0,85.48,34.05,75.1
618.408,94.01,85.0,85.0,85.0,85.48,34.05,75.1
618.56,94.01,85.0,85.0,85.0,,34.05,
618.56,94.01,85.0,85.0,85.0,,34.05,
618.56,94.01,85.0,85.0,85.0,,34.05,
618.56,94.01,85.0,85.0,85.0,,34.05,
618.56,94.01,85.0,85.0,85.0,,34.05,
618.709,94.02,85.0,85.0,85.0,,34.05,
618.709,94.02,85.0,85.0,85.0,,34.05,
618.709,94.02,85.0,85.0,85.0,,34.05,
618.709,94.02,85.0,85.0,85.0,,34.05,
618.709,94.02,85.0,85.0,85.0,,34.05,
618.859,94.01,85.0,85.0,85.0,,34.05,
618.859,94.01,85.0,85.0,85.0,,34.05,
618.859,94.01,85.0,85.0,85.0,,34.05,
618.859,94.01,85.0,85.0,85.0,,34.05,
618.859,94.01,85.0,85.0,85.0,,34.05,
619.009,94.02,85.0,85.0,85.0,85.55,34.05,75.19
619.009,94.02,85.0,85.0,85.0,85.55,34.05,75.19
619.009,94.02,85.0,85.0,85.0,85.55,34.05,75.19
619.009,94.02,85.0,85.0,85.0,85.55,34.05,75.19
619.009,94.02,85.0,85.0,85.0,85.55,34.05,75.19
619.009,94.02,85.0,85.0,85.0,85.55,34.05,75.19
619.009,94.02,85.0,85.0,85.0,85.55,34.05,75.19
619.159,94.03,85.0,85.0,85.0,,34.06,
619.159,94.03,85.0,85.0,85.0,,34.06,
619.159,94.03,85.0,85.0,85.0,,34.06,
619.159,94.03,85.0,85.0,85.0,,34.06,
619.159,94.03,85.0,85.0,85.0,,34.06,
619.31,94.04,85.0,85.0,85.0,,34.06,
619.31,94.04,85.0,85.0,85.0,,34.06,
619.31,94.04,85.0,85.0,85.0,,34.06,
619.31,94.04,85.0,85.0,85.0,,34.06,
619.31,94.04,85.0,85.0,85.0,,34.06,
619.459,94.03,85.0,85.0,85.0,,34.06,
619.459,94.03,85.0,85.0,85.0,,34.06,
619.459,94.03,85.0,85.0,85.0,,34.06,
619.459,94.03,85.0,85.0,85.0,,34.06,
619.459,94.03,85.0,85.0,85.0,,34.06,
619.608,94.02,85.0,85.0,85.0,85.54,34.05,75.26
619.608,94.02,85.0,85.0,85.0,85.54,34.05,75.26
619.608,94.02,85.0,85.0,85.0,85.54,34.05,75.26
619.608,94.02,85.0,85.0,85.0,85.54,34.05,75.26
619.608,94.02,85.0,85.0,85.0,85.54,34.05,75.26
619.608,94.02,85.0,85.0,85.0,85.54,34.05,75.26
619.608,94.02,85.0,85.0,85.0,85.54,34.05,75.26
619.76,94.01,85.0,85.0,85.0,,34.05,
619.76,94.01,85.0,85.0,85.0,,34.05,
619.76,94.01,85.0,85.0,85.0,,34.05,
619.76,94.01,85.0,85.0,85.0,,34.05,
619.76,94.01,85.0,85.0,85.0,,34.05,
619.909,94.01,85.0,85.0,85.0,,34.06,
619.909,94.01,85.0,85.0,85.0,,34.06,
619.909,94.01,85.0,85.0,85.0,,34.06,
619.909,94.01,85.0,85.0,85.0,,34.06,
619.909,94.01,85.0,85.0,85.0,,34.06,
620.059,94.01,85.0,85.0,85.0,,34.06,
620.059,94.01,85.0,85.0,85.0,,34.06,
620.059,94.01,85.0,85.0,85.0,,34.06,
620.059,94.01,85.0,85.0,85.0,,34.06,
620.059,94.01,85.0,85.0,85.0,,34.06,
620.21,94.0,85.0,85.0,85.0,85.56,34.04,75.24
620.21,94.0,85.0,85.0,85.0,85.56,34.04,75.24
620.21,94.0,85.0,85.0,85.0,85.56,34.04,75.24
620.21,94.0,85.0,85.0,85.0,85.56,34.04,75.24
620.21,94.0,85.0,85.0,85.0,85.56,34.04,75.24
620.21,94.0,85.0,85.0,85.0,85.56,34.04,75.24
620.21,94.0,85.0,85.0,85.0,85.56,34.04,75.24
620.359,94.01,85.0,85.0,85.0,,34.06,
620.359,94.01,85.0,85.0,85.0,,34.06,
620.359,94.01,85.0,85.0,85.0,,34.06,
620.359,94.01,85.0,85.0,85.0,,34.06,
620.359,94.01,85.0,85.0,85.0,,34.06,
620.509,94.02,85.0,85.0,85.0,,34.05,
620.509,94.02,85.0,85.0,85.0,,34.05,
620.509,94.02,85.0,85.0,85.0,,34.05,
620.509,94.02,85.0,85.0,85.0,,34.05,
620.509,94.02,85.0,85.0,85.0,,34.05,
620.662,94.01,85.0,85.0,85.0,,34.05,
620.662,94.01,85.0,85.0,85.0,,34.05,
620.662,94.01,85.0,85.0,85.0,,34.05,
620.662,94.01,85.0,85.0,85.0,,34.05,
620.662,94.01,85.0,85.0,85.0,,34.05,
620.809,94.01,85.0,85.0,85.0,85.54,34.05,75.29
620.809,94.01,85.0,85.0,85.0,85.54,34.05,75.29
620.809,94.01,85.0,85.0,85.0,85.54,34.05,75.29
620.809,94.01,85.0,85.0,85.0,85.54,34.05,75.29
620.809,94.01,85.0,85.0,85.0,85.54,34.05,75.29
620.809,94.01,85.0,85.0,85.0,85.54,34.05,75.29
620.809,94.01,85.0,85.0,85.0,85.54,34.05,75.29
620.96,94.02,85.0,85.0,85.0,,34.05,
620.96,94.02,85.0,85.0,85.0,,34.05,
620.96,94.02,85.0,85.0,85.0,,34.05,
620.96,94.02,85.0,85.0,85.0,,34.05,
620.96,94.02,85.0,85.0,85.0,,34.05,
621.111,94.03,85.0,85.0,85.0,,34.05,
621.111,94.03,85.0,85.0,85.0,,34.05,
621.111,94.03,85.0,85.0,85.0,,34.05,
621.111,94.03,85.0,85.0,85.0,,34.05,
621.111,94.03,85.0,85.0,85.0,,34.05,
621.26,94.01,85.0,85.0,85.0,,34.06,
621.26,94.01,85.0,85.0,85.0,,34.06,
621.26,94.01,85.0,85.0,85.0,,34.06,
621.26,94.01,85.0,85.0,85.0,,34.06,
621.26,94.01,85.0,85.0,85.0,,34.06,
621.41,94.02,85.0,85.0,85.0,85.61,34.05,75.26
621.41,94.02,85.0,85.0,85.0,85.61,34.05,75.26
621.41,94.02,85.0,85.0,85.0,85.61,34.05,75.26
621.41,94.02,85.0,85.0,85.0,85.61,34.05,75.26
621.41,94.02,85.0,85.0,85.0,85.61,34.05,75.26
621.41,94.02,85.0,85.0,85.0,85.61,34.05,75.26
621.41,94.02,85.0,85.0,85.0,85.61,34.05,75.26
621.561,94.02,85.0,85.0,85.0,,34.05,
621.561,94.02,85.0,85.0,85.0,,34.05,
621.561,94.02,85.0,85.0,85.0,,34.05,
621.561,94.02,85.0,85.0,85.0,,34.05,
621.561,94.02,85.0,85.0,85.0,,34.05,
621.71,94.02,85.0,85.0,85.0,,34.05,
621.71,94.02,85.0,85.0,85.0,,34.05,
621.71,94.02,85.0,85.0,85.0,,34.05,
621.71,94.02,85.0,85.0,85.0,,34.05,
621.71,94.02,85.0,85.0,85.0,,34.05,
621.86,94.02,85.0,85.0,85.0,,34.05,
621.86,94.02,85.0,85.0,85.0,,34.05,
621.86,94.02,85.0,85.0,85.0,,34.05,
621.86,94.02,85.0,85.0,85.0,,34.05,
621.86,94.02,85.0,85.0,85.0,,34.05,
622.014,94.02,85.0,85.0,85.0,85.6,34.06,75.33
622.014,94.02,85.0,85.0,85.0,85.6,34.06,75.33
622.014,94.02,85.0,85.0,85.0,85.6,34.06,75.33
622.014,94.02,85.0,85.0,85.0,85.6,34.06,75.33
622.014,94.02,85.0,85.0,85.0,85.6,34.06,75.33
622.014,94.02,85.0,85.0,85.0,85.6,34.06,75.33
622.014,94.02,85.0,85.0,85.0,85.6,34.06,75.33
622.159,94.02,85.0,85.0,85.0,,34.06,
622.159,94.02,85.0,85.0,85.0,,34.06,
622.159,94.02,85.0,85.0,85.0,,34.06,
622.159,94.02,85.0,85.0,85.0,,34.06,
622.159,94.02,85.0,85.0,85.0,,34.06,
622.31,94.03,85.0,85.0,85.0,,34.07,
622.31,94.03,85.0,85.0,85.0,,34.07,
622.31,94.03,85.0,85.0,85.0,,34.07,
622.31,94.03,85.0,85.0,85.0,,34.07,
622.31,94.03,85.0,85.0,85.0,,34.07,
622.464,94.03,85.0,85.0,85.0,85.55,34.05,75.2
622.464,94.03,85.0,85.0,85.0,85.55,34.05,75.2
622.464,94.03,85.0,85.0,85.0,85.55,34.05,75.2
622.464,94.03,85.0,85.0,85.0,85.55,34.05,75.2
622.464,94.03,85.0,85.0,85.0,85.55,34.05,75.2
622.464,94.03,85.0,85.0,85.0,85.55,34.05,75.2
622.464,94.03,85.0,85.0,85.0,85.55,34.05,75.2
622.661,94.02,85.0,85.0,85.0,,34.06,
622.661,94.02,85.0,85.0,85.0,,34.06,
622.661,94.02,85.0,85.0,85.0,,34.06,
622.661,94.02,85.0,85.0,85.0,,34.06,
622.661,94.02,85.0,85.0,85.0,,34.06,
622.786,94.01,85.0,85.0,85.0,,34.06,
622.786,94.01,85.0,85.0,85.0,,34.06,
622.786,94.01,85.0,85.0,85.0,,34.06,
622.786,94.01,85.0,85.0,85.0,,34.06,
622.786,94.01,85.0,85.0,85.0,,34.06,
622.937,94.02,85.0,85.0,85.0,,34.06,
622.937,94.02,85.0,85.0,85.0,,34.06,
622.937,94.02,85.0,85.0,85.0,,34.06,
622.937,94.02,85.0,85.0,85.0,,34.06,
622.937,94.02,85.0,85.0,85.0,,34.06,
623.087,94.01,85.0,85.0,85.0,85.64,34.06,75.3
623.087,94.01,85.0,85.0,85.0,85.64,34.06,75.3
623.087,94.01,85.0,85.0,85.0,85.64,34.06,75.3
623.087,94.01,85.0,85.0,85.0,85.64,34.06,75.3
623.087,94.01,85.0,85.0,85.0,85.64,34.06,75.3
623.087,94.01,85.0,85.0,85.0,85.64,34.06,75.3
623.087,94.01,85.0,85.0,85.0,85.64,34.06,75.3
623.236,94.03,85.0,85.0,85.0,,34.06,
623.236,94.03,85.0,85.0,85.0,,34.06,
623.236,94.03,85.0,85.0,85.0,,34.06,
623.236,94.03,85.0,85.0,85.0,,34.06,
623.236,94.03,85.0,85.0,85.0,,34.06,
623.388,94.03,85.0,85.0,85.0,,34.06,
623.388,94.03,85.0,85.0,85.0,,34.06,
623.388,94.03,85.0,85.0,85.0,,34.06,
623.388,94.03,85.0,85.0,85.0,,34.06,
623.388,94.03,85.0,85.0,85.0,,34.06,
623.537,94.03,85.0,85.0,85.0,,34.06,
623.537,94.03,85.0,85.0,85.0,,34.06,
623.537,94.03,85.0,85.0,85.0,,34.06,
623.537,94.03,85.0,85.0,85.0,,34.06,
623.537,94.03,85.0,85.0,85.0,,34.06,
623.688,94.03,85.0,85.0,85.0,85.6,34.06,75.37
623.688,94.03,85.0,85.0,85.0,85.6,34.06,75.37
623.688,94.03,85.0,85.0,85.0,85.6,34.06,75.37
623.688,94.03,85.0,85.0,85.0,85.6,34.06,75.37
623.688,94.03,85.0,85.0,85.0,85.6,34.06,75.37
623.688,94.03,85.0,85.0,85.0,85.6,34.06,75.37
623.688,94.03,85.0,85.0,85.0,85.6,34.06,75.37
623.838,94.04,85.0,85.0,85.0,,34.06,
623.838,94.04,85.0,85.0,85.0,,34.06,
623.838,94.04,85.0,85.0,85.0,,34.06,
623.838,94.04,85.0,85.0,85.0,,34.06,
623.838,94.04,85.0,85.0,85.0,,34.06,
623.986,94.03,85.0,85.0,85.0,,34.06,
623.986,94.03,85.0,85.0,85.0,,34.06,
623.986,94.03,85.0,85.0,85.0,,34.06,
623.986,94.03,85.0,85.0,85.0,,34.06,
623.986,94.03,85.0,85.0,85.0,,34.06,
624.137,94.05,85.0,85.0,85.0,,34.07,
624.137,94.05,85.0,85.0,85.0,,34.07,
624.137,94.05,85.0,85.0,85.0,,34.07,
624.137,94.05,85.0,85.0,85.0,,34.07,
624.137,94.05,85.0,85.0,85.0,,34.07,
624.286,94.03,85.0,85.0,85.0,85.63,34.07,75.39
624.286,94.03,85.0,85.0,85.0,85.63,34.07,75.39
624.286,94.03,85.0,85.0,85.0,85.63,34.07,75.39
624.286,94.03,85.0,85.0,85.0,85.63,34.07,75.39
624.286,94.03,85.0,85.0,85.0,85.63,34.07,75.39
624.286,94.03,85.0,85.0,85.0,85.63,34.07,75.39
624.286,94.03,85.0,85.0,85.0,85.63,34.07,75.39
624.437,94.02,85.0,85.0,85.0,,34.06,
624.437,94.02,85.0,85.0,85.0,,34.06,
624.437,94.02,85.0,85.0,85.0,,34.06,
624.437,94.02,85.0,85.0,85.0,,34.06,
624.437,94.02,85.0,85.0,85.0,,34.06,
624.591,94.04,85.0,85.0,85.0,,34.07,
624.591,94.04,85.0,85.0,85.0,,34.07,
624.591,94.04,85.0,85.0,85.0,,34.07,
624.591,94.04,85.0,85.0,85.0,,34.07,
624.591,94.04,85.0,85.0,85.0,,34.07,
624.737,94.04,85.0,85.0,85.0,,34.07,
624.737,94.04,85.0,85.0,85.0,,34.07,
624.737,94.04,85.0,85.0,85.0,,34.07,
624.737,94.04,85.0,85.0,85.0,,34.07,
624.737,94.04,85.0,85.0,85.0,,34.07,
624.887,94.03,85.0,85.0,85.0,85.64,34.07,75.41
624.887,94.03,85.0,85.0,85.0,85.64,34.07,75.41
624.887,94.03,85.0,85.0,85.0,85.64,34.07,75.41
624.887,94.03,85.0,85.0,85.0,85.64,34.07,75.41
624.887,94.03,85.0,85.0,85.0,85.64,34.07,75.41
624.887,94.03,85.0,85.0,85.0,85.64,34.07,75.41
624.887,94.03,85.0,85.0,85.0,85.64,34.07,75.41
625.041,94.04,85.0,85.0,85.0,,34.07,
625.041,94.04,85.0,85.0,85.0,,34.07,
625.041,94.04,85.0,85.0,85.0,,34.07,
625.041,94.04,85.0,85.0,85.0,,34.07,
625.041,94.04,85.0,85.0,85.0,,34.07,
625.187,94.03,85.0,85.0,85.0,,34.07,
625.187,94.03,85.0,85.0,85.0,,34.07,
625.187,94.03,85.0,85.0,85.0,,34.07,
625.187,94.03,85.0,85.0,85.0,,34.07,
625.187,94.03,85.0,85.0,85.0,,34.07,
625.337,94.03,85.0,85.0,85.0,,34.06,
625.337,94.03,85.0,85.0,85.0,,34.06,
625.337,94.03,85.0,85.0,85.0,,34.06,
625.337,94.03,85.0,85.0,85.0,,34.06,
625.337,94.03,85.0,85.0,85.0,,34.06,
625.49,94.04,85.0,85.0,85.0,85.71,34.07,75.43
625.49,94.04,85.0,85.0,85.0,85.71,34.07,75.43
625.49,94.04,85.0,85.0,85.0,85.71,34.07,75.43
625.49,94.04,85.0,85.0,85.0,85.71,34.07,75.43
625.49,94.04,85.0,85.0,85.0,85.71,34.07,75.43
625.49,94.04,85.0,85.0,85.0,85.71,34.07,75.43
625.49,94.04,85.0,85.0,85.0,85.71,34.07,75.43
625.636,94.01,85.0,85.0,85.0,,34.07,
625.636,94.01,85.0,85.0,85.0,,34.07,
625.636,94.01,85.0,85.0,85.0,,34.07,
625.636,94.01,85.0,85.0,85.0,,34.07,
625.636,94.01,85.0,85.0,85.0,,34.07,
625.787,94.01,85.0,85.0,85.0,,34.07,
625.787,94.01,85.0,85.0,85.0,,34.07,
625.787,94.01,85.0,85.0,85.0,,34.07,
625.787,94.01,85.0,85.0,85.0,,34.07,
625.787,94.01,85.0,85.0,85.0,,34.07,
625.941,94.02,85.0,85.0,85.0,,34.07,
625.941,94.02,85.0,85.0,85.0,,34.07,
625.941,94.02,85.0,85.0,85.0,,34.07,
625.941,94.02,85.0,85.0,85.0,,34.07,
625.941,94.02,85.0,85.0,85.0,,34.07,
626.087,94.01,85.0,85.0,85.0,85.69,34.07,75.44
626.087,94.01,85.0,85.0,85.0,85.69,34.07,75.44
626.087,94.01,85.0,85.0,85.0,85.69,34.07,75.44
626.087,94.01,85.0,85.0,85.0,85.69,34.07,75.44
626.087,94.01,85.0,85.0,85.0,85.69,34.07,75.44
626.087,94.01,85.0,85.0,85.0,85.69,34.07,75.44
626.087,94.01,85.0,85.0,85.0,85.69,34.07,75.44
626.237,94.02,85.0,85.0,85.0,,34.07,
626.237,94.02,85.0,85.0,85.0,,34.07,
626.237,94.02,85.0,85.0,85.0,,34.07,
626.237,94.02,85.0,85.0,85.0,,34.07,
626.237,94.02,85.0,85.0,85.0,,34.07,
626.392,94.02,85.0,85.0,85.0,,34.07,
626.392,94.02,85.0,85.0,85.0,,34.07,
626.392,94.02,85.0,85.0,85.0,,34.07,
626.392,94.02,85.0,85.0,85.0,,34.07,
626.392,94.02,85.0,85.0,85.0,,34.07,
626.536,94.03,85.0,85.0,85.0,,34.07,
626.536,94.03,85.0,85.0,85.0,,34.07,
626.536,94.03,85.0,85.0,85.0,,34.07,
626.536,94.03,85.0,85.0,85.0,,34.07,
626.536,94.03,85.0,85.0,85.0,,34.07,
626.687,94.03,85.0,85.0,85.0,,34.07,
626.687,94.03,85.0,85.0,85.0,,34.07,
626.687,94.03,85.0,85.0,85.0,,34.07,
626.687,94.03,85.0,85.0,85.0,,34.07,
626.687,94.03,85.0,85.0,85.0,,34.07,
626.809,,,,,85.63,,75.43
626.809,,,,,85.63,,75.43
626.842,94.03,85.0,85.0,85.0,,34.08,
626.842,94.03,85.0,85.0,85.0,,34.08,
626.842,94.03,85.0,85.0,85.0,,34.08,
626.842,94.03,85.0,85.0,85.0,,34.08,
626.842,94.03,85.0,85.0,85.0,,34.08,
626.986,94.02,85.0,85.0,85.0,,34.07,
626.986,94.02,85.0,85.0,85.0,,34.07,
626.986,94.02,85.0,85.0,85.0,,34.07,
626.986,94.02,85.0,85.0,85.0,,34.07,
626.986,94.02,85.0,85.0,85.0,,34.07,
627.137,94.03,85.0,85.0,85.0,,34.07,
627.137,94.03,85.0,85.0,85.0,,34.07,
627.137,94.03,85.0,85.0,85.0,,34.07,
627.137,94.03,85.0,85.0,85.0,,34.07,
627.137,94.03,85.0,85.0,85.0,,34.07,
627.29,94.02,85.0,85.0,85.0,85.68,34.07,75.43
627.29,94.02,85.0,85.0,85.0,85.68,34.07,75.43
627.29,94.02,85.0,85.0,85.0,85.68,34.07,75.43
627.29,94.02,85.0,85.0,85.0,85.68,34.07,75.43
627.29,94.02,85.0,85.0,85.0,85.68,34.07,75.43
627.29,94.02,85.0,85.0,85.0,85.68,34.07,75.43
627.29,94.02,85.0,85.0,85.0,85.68,34.07,75.43
627.436,94.01,85.0,85.0,85.0,,34.07,
627.436,94.01,85.0,85.0,85.0,,34.07,
627.436,94.01,85.0,85.0,85.0,,34.07,
627.436,94.01,85.0,85.0,85.0,,34.07,
627.436,94.01,85.0,85.0,85.0,,34.07,
627.587,94.02,85.0,85.0,85.0,,34.08,
627.587,94.02,85.0,85.0,85.0,,34.08,
627.587,94.02,85.0,85.0,85.0,,34.08,
627.587,94.02,85.0,85.0,85.0,,34.08,
627.587,94.02,85.0,85.0,85.0,,34.08,
627.741,94.02,85.0,85.0,85.0,,34.08,
627.741,94.02,85.0,85.0,85.0,,34.08,
627.741,94.02,85.0,85.0,85.0,,34.08,
627.741,94.02,85.0,85.0,85.0,,34.08,
627.741,94.02,85.0,85.0,85.0,,34.08,
627.887,94.02,85.0,85.0,85.0,,34.08,
627.887,94.02,85.0,85.0,85.0,,34.08,
627.887,94.02,85.0,85.0,85.0,,34.08,
627.887,94.02,85.0,85.0,85.0,,34.08,
627.887,94.02,85.0,85.0,85.0,,34.08,
627.94,,,,,85.7,,75.44
627.94,,,,,85.7,,75.44
628.037,94.02,85.0,85.0,85.0,,34.07,
628.037,94.02,85.0,85.0,85.0,,34.07,
628.037,94.02,85.0,85.0,85.0,,34.07,
628.037,94.02,85.0,85.0,85.0,,34.07,
628.037,94.02,85.0,85.0,85.0,,34.07,
628.191,94.03,85.0,85.0,85.0,,34.08,
628.191,94.03,85.0,85.0,85.0,,34.08,
628.191,94.03,85.0,85.0,85.0,,34.08,
628.191,94.03,85.0,85.0,85.0,,34.08,
628.191,94.03,85.0,85.0,85.0,,34.08,
628.336,94.03,85.0,85.0,85.0,,34.08,
628.336,94.03,85.0,85.0,85.0,,34.08,
628.336,94.03,85.0,85.0,85.0,,34.08,
628.336,94.03,85.0,85.0,85.0,,34.08,
628.336,94.03,85.0,85.0,85.0,,34.08,
628.486,94.04,85.0,85.0,85.0,85.7,34.08,75.47
628.486,94.04,85.0,85.0,85.0,85.7,34.08,75.47
628.486,94.04,85.0,85.0,85.0,85.7,34.08,75.47
628.486,94.04,85.0,85.0,85.0,85.7,34.08,75.47
628.486,94.04,85.0,85.0,85.0,85.7,34.08,75.47
628.486,94.04,85.0,85.0,85.0,85.7,34.08,75.47
628.486,94.04,85.0,85.0,85.0,85.7,34.08,75.47
628.644,94.03,85.0,85.0,85.0,,34.08,
628.644,94.03,85.0,85.0,85.0,,34.08,
628.644,94.03,85.0,85.0,85.0,,34.08,
628.644,94.03,85.0,85.0,85.0,,34.08,
628.644,94.03,85.0,85.0,85.0,,34.08,
628.787,94.02,85.0,85.0,85.0,,34.08,
628.787,94.02,85.0,85.0,85.0,,34.08,
628.787,94.02,85.0,85.0,85.0,,34.08,
628.787,94.02,85.0,85.0,85.0,,34.08,
628.787,94.02,85.0,85.0,85.0,,34.08,
628.937,94.02,85.0,85.0,85.0,,34.08,
628.937,94.02,85.0,85.0,85.0,,34.08,
628.937,94.02,85.0,85.0,85.0,,34.08,
628.937,94.02,85.0,85.0,85.0,,34.08,
628.937,94.02,85.0,85.0,85.0,,34.08,
629.087,94.02,85.0,85.0,85.0,85.68,34.08,75.46
629.087,94.02,85.0,85.0,85.0,85.68,34.08,75.46
629.087,94.02,85.0,85.0,85.0,85.68,34.08,75.46
629.087,94.02,85.0,85.0,85.0,85.68,34.08,75.46
629.087,94.02,85.0,85.0,85.0,85.68,34.08,75.46
629.087,94.02,85.0,85.0,85.0,85.68,34.08,75.46
629.087,94.02,85.0,85.0,85.0,85.68,34.08,75.46
629.237,94.02,85.0,85.0,85.0,,34.08,
629.237,94.02,85.0,85.0,85.0,,34.08,
629.237,94.02,85.0,85.0,85.0,,34.08,
629.237,94.02,85.0,85.0,85.0,,34.08,
629.237,94.02,85.0,85.0,85.0,,34.08,
629.387,94.02,85.0,85.0,85.0,,34.08,
629.387,94.02,85.0,85.0,85.0,,34.08,
629.387,94.02,85.0,85.0,85.0,,34.08,
629.387,94.02,85.0,85.0,85.0,,34.08,
629.387,94.02,85.0,85.0,85.0,,34.08,
629.537,94.01,85.0,85.0,85.0,,34.08,
629.537,94.01,85.0,85.0,85.0,,34.08,
629.537,94.01,85.0,85.0,85.0,,34.08,
629.537,94.01,85.0,85.0,85.0,,34.08,
629.537,94.01,85.0,85.0,85.0,,34.08,
629.686,94.02,85.0,85.0,85.0,85.76,34.08,75.49
629.686,94.02,85.0,85.0,85.0,85.76,34.08,75.49
629.686,94.02,85.0,85.0,85.0,85.76,34.08,75.49
629.686,94.02,85.0,85.0,85.0,85.76,34.08,75.49
629.686,94.02,85.0,85.0,85.0,85.76,34.08,75.49
629.686,94.02,85.0,85.0,85.0,85.76,34.08,75.49
629.686,94.02,85.0,85.0,85.0,85.76,34.08,75.49
629.837,94.01,85.0,85.0,85.0,,34.08,
629.837,94.01,85.0,85.0,85.0,,34.08,
629.837,94.01,85.0,85.0,85.0,,34.08,
629.837,94.01,85.0,85.0,85.0,,34.08,
629.837,94.01,85.0,85.0,85.0,,34.08,
629.986,94.02,85.0,85.0,85.0,,34.08,
629.986,94.02,85.0,85.0,85.0,,34.08,
629.986,94.02,85.0,85.0,85.0,,34.08,
629.986,94.02,85.0,85.0,85.0,,34.08,
629.986,94.02,85.0,85.0,85.0,,34.08,
630.137,94.02,85.0,85.0,85.0,,34.08,
630.137,94.02,85.0,85.0,85.0,,34.08,
630.137,94.02,85.0,85.0,85.0,,34.08,
630.137,94.02,85.0,85.0,85.0,,34.08,
630.137,94.02,85.0,85.0,85.0,,34.08,
630.289,94.02,85.0,85.0,85.0,85.81,34.08,75.61
630.289,94.02,85.0,85.0,85.0,85.81,34.08,75.61
630.289,94.02,85.0,85.0,85.0,85.81,34.08,75.61
630.289,94.02,85.0,85.0,85.0,85.81,34.08,75.61
630.289,94.02,85.0,85.0,85.0,85.81,34.08,75.61
630.289,94.02,85.0,85.0,85.0,85.81,34.08,75.61
630.289,94.02,85.0,85.0,85.0,85.81,34.08,75.61
630.436,94.02,85.0,85.0,85.0,,34.08,
630.436,94.02,85.0,85.0,85.0,,34.08,
630.436,94.02,85.0,85.0,85.0,,34.08,
630.436,94.02,85.0,85.0,85.0,,34.08,
630.436,94.02,85.0,85.0,85.0,,34.08,
630.586,94.04,85.0,85.0,85.0,,34.08,
630.586,94.04,85.0,85.0,85.0,,34.08,
630.586,94.04,85.0,85.0,85.0,,34.08,
630.586,94.04,85.0,85.0,85.0,,34.08,
630.586,94.04,85.0,85.0,85.0,,34.08,
630.737,94.04,85.0,85.0,85.0,,34.09,
630.737,94.04,85.0,85.0,85.0,,34.09,
630.737,94.04,85.0,85.0,85.0,,34.09,
630.737,94.04,85.0,85.0,85.0,,34.09,
630.737,94.04,85.0,85.0,85.0,,34.09,
630.886,94.03,85.0,85.0,85.0,85.73,34.09,75.54
630.886,94.03,85.0,85.0,85.0,85.73,34.09,75.54
630.886,94.03,85.0,85.0,85.0,85.73,34.09,75.54
630.886,94.03,85.0,85.0,85.0,85.73,34.09,75.54
630.886,94.03,85.0,85.0,85.0,85.73,34.09,75.54
630.886,94.03,85.0,85.0,85.0,85.73,34.09,75.54
630.886,94.03,85.0,85.0,85.0,85.73,34.09,75.54
631.037,94.02,85.0,85.0,85.0,,34.09,
631.037,94.02,85.0,85.0,85.0,,34.09,
631.037,94.02,85.0,85.0,85.0,,34.09,
631.037,94.02,85.0,85.0,85.0,,34.09,
631.037,94.02,85.0,85.0,85.0,,34.09,
631.187,94.02,85.0,85.0,85.0,,34.09,
631.187,94.02,85.0,85.0,85.0,,34.09,
631.187,94.02,85.0,85.0,85.0,,34.09,
631.187,94.02,85.0,85.0,85.0,,34.09,
631.187,94.02,85.0,85.0,85.0,,34.09,
631.337,94.02,85.0,85.0,85.0,,34.09,
631.337,94.02,85.0,85.0,85.0,,34.09,
631.337,94.02,85.0,85.0,85.0,,34.09,
631.337,94.02,85.0,85.0,85.0,,34.09,
631.337,94.02,85.0,85.0,85.0,,34.09,
631.487,94.02,85.0,85.0,85.0,85.75,34.09,75.45
631.487,94.02,85.0,85.0,85.0,85.75,34.09,75.45
631.487,94.02,85.0,85.0,85.0,85.75,34.09,75.45
631.487,94.02,85.0,85.0,85.0,85.75,34.09,75.45
631.487,94.02,85.0,85.0,85.0,85.75,34.09,75.45
631.487,94.02,85.0,85.0,85.0,85.75,34.09,75.45
631.487,94.02,85.0,85.0,85.0,85.75,34.09,75.45
631.704,94.02,85.0,85.0,85.0,,34.08,
631.704,94.02,85.0,85.0,85.0,,34.08,
631.704,94.02,85.0,85.0,85.0,,34.08,
631.704,94.02,85.0,85.0,85.0,,34.08,
631.704,94.02,85.0,85.0,85.0,,34.08,
631.832,94.03,85.0,85.0,85.0,,34.09,
631.832,94.03,85.0,85.0,85.0,,34.09,
631.832,94.03,85.0,85.0,85.0,,34.09,
631.832,94.03,85.0,85.0,85.0,,34.09,
631.832,94.03,85.0,85.0,85.0,,34.09,
631.978,94.03,85.0,85.0,85.0,,34.1,
631.978,94.03,85.0,85.0,85.0,,34.1,
631.978,94.03,85.0,85.0,85.0,,34.1,
631.978,94.03,85.0,85.0,85.0,,34.1,
631.978,94.03,85.0,85.0,85.0,,34.1,
632.128,94.02,85.0,85.0,85.0,85.77,34.09,75.59
632.128,94.02,85.0,85.0,85.0,85.77,34.09,75.59
632.128,94.02,85.0,85.0,85.0,85.77,34.09,75.59
632.128,94.02,85.0,85.0,85.0,85.77,34.09,75.59
632.128,94.02,85.0,85.0,85.0,85.77,34.09,75.59
632.128,94.02,85.0,85.0,85.0,85.77,34.09,75.59
632.128,94.02,85.0,85.0,85.0,85.77,34.09,75.59
632.282,94.04,85.0,85.0,85.0,,34.09,
632.282,94.04,85.0,85.0,85.0,,34.09,
632.282,94.04,85.0,85.0,85.0,,34.09,
632.282,94.04,85.0,85.0,85.0,,34.09,
632.282,94.04,85.0,85.0,85.0,,34.09,
632.428,94.04,85.0,85.0,85.0,,34.09,
632.428,94.04,85.0,85.0,85.0,,34.09,
632.428,94.04,85.0,85.0,85.0,,34.09,
632.428,94.04,85.0,85.0,85.0,,34.09,
632.428,94.04,85.0,85.0,85.0,,34.09,
632.578,94.03,85.0,85.0,85.0,,34.09,
632.578,94.03,85.0,85.0,85.0,,34.09,
632.578,94.03,85.0,85.0,85.0,,34.09,
632.578,94.03,85.0,85.0,85.0,,34.09,
632.578,94.03,85.0,85.0,85.0,,34.09,
632.732,94.03,85.0,85.0,85.0,85.81,34.09,75.57
632.732,94.03,85.0,85.0,85.0,85.81,34.09,75.57
632.732,94.03,85.0,85.0,85.0,85.81,34.09,75.57
632.732,94.03,85.0,85.0,85.0,85.81,34.09,75.57
632.732,94.03,85.0,85.0,85.0,85.81,34.09,75.57
632.732,94.03,85.0,85.0,85.0,85.81,34.09,75.57
632.732,94.03,85.0,85.0,85.0,85.81,34.09,75.57
632.878,94.01,85.0,85.0,85.0,,34.09,
632.878,94.01,85.0,85.0,85.0,,34.09,
632.878,94.01,85.0,85.0,85.0,,34.09,
632.878,94.01,85.0,85.0,85.0,,34.09,
632.878,94.01,85.0,85.0,85.0,,34.09,
633.028,94.01,85.0,85.0,85.0,,34.09,
633.028,94.01,85.0,85.0,85.0,,34.09,
633.028,94.01,85.0,85.0,85.0,,34.09,
633.028,94.01,85.0,85.0,85.0,,34.09,
633.028,94.01,85.0,85.0,85.0,,34.09,
633.183,94.01,85.0,85.0,85.0,,34.09,
633.183,94.01,85.0,85.0,85.0,,34.09,
633.183,94.01,85.0,85.0,85.0,,34.09,
633.183,94.01,85.0,85.0,85.0,,34.09,
633.183,94.01,85.0,85.0,85.0,,34.09,
633.328,94.02,85.0,85.0,85.0,85.82,34.1,75.58
633.328,94.02,85.0,85.0,85.0,85.82,34.1,75.58
633.328,94.02,85.0,85.0,85.0,85.82,34.1,75.58
633.328,94.02,85.0,85.0,85.0,85.82,34.1,75.58
633.328,94.02,85.0,85.0,85.0,85.82,34.1,75.58
633.328,94.02,85.0,85.0,85.0,85.82,34.1,75.58
633.328,94.02,85.0,85.0,85.0,85.82,34.1,75.58
633.478,94.01,85.0,85.0,85.0,,34.1,
633.478,94.01,85.0,85.0,85.0,,34.1,
633.478,94.01,85.0,85.0,85.0,,34.1,
633.478,94.01,85.0,85.0,85.0,,34.1,
633.478,94.01,85.0,85.0,85.0,,34.1,
633.633,94.01,85.0,85.0,85.0,,34.09,
633.633,94.01,85.0,85.0,85.0,,34.09,
633.633,94.01,85.0,85.0,85.0,,34.09,
633.633,94.01,85.0,85.0,85.0,,34.09,
633.633,94.01,85.0,85.0,85.0,,34.09,
633.778,94.01,85.0,85.0,85.0,,34.09,
633.778,94.01,85.0,85.0,85.0,,34.09,
633.778,94.01,85.0,85.0,85.0,,34.09,
633.778,94.01,85.0,85.0,85.0,,34.09,
633.778,94.01,85.0,85.0,85.0,,34.09,
633.929,94.02,85.0,85.0,85.0,85.73,34.1,75.64
633.929,94.02,85.0,85.0,85.0,85.73,34.1,75.64
633.929,94.02,85.0,85.0,85.0,85.73,34.1,75.64
633.929,94.02,85.0,85.0,85.0,85.73,34.1,75.64
633.929,94.02,85.0,85.0,85.0,85.73,34.1,75.64
633.929,94.02,85.0,85.0,85.0,85.73,34.1,75.64
633.929,94.02,85.0,85.0,85.0,85.73,34.1,75.64
634.078,94.01,85.0,85.0,85.0,,34.1,
634.078,94.01,85.0,85.0,85.0,,34.1,
634.078,94.01,85.0,85.0,85.0,,34.1,
634.078,94.01,85.0,85.0,85.0,,34.1,
634.078,94.01,85.0,85.0,85.0,,34.1,
634.227,94.03,85.0,85.0,85.0,,34.1,
634.227,94.03,85.0,85.0,85.0,,34.1,
634.227,94.03,85.0,85.0,85.0,,34.1,
634.227,94.03,85.0,85.0,85.0,,34.1,
634.227,94.03,85.0,85.0,85.0,,34.1,
634.378,94.03,85.0,85.0,85.0,,34.11,
634.378,94.03,85.0,85.0,85.0,,34.11,
634.378,94.03,85.0,85.0,85.0,,34.11,
634.378,94.03,85.0,85.0,85.0,,34.11,
634.378,94.03,85.0,85.0,85.0,,34.11,
634.528,94.02,85.0,85.0,85.0,85.81,34.11,75.63
634.528,94.02,85.0,85.0,85.0,85.81,34.11,75.63
634.528,94.02,85.0,85.0,85.0,85.81,34.11,75.63
634.528,94.02,85.0,85.0,85.0,85.81,34.11,75.63
634.528,94.02,85.0,85.0,85.0,85.81,34.11,75.63
634.528,94.02,85.0,85.0,85.0,85.81,34.11,75.63
634.528,94.02,85.0,85.0,85.0,85.81,34.11,75.63
634.677,94.03,85.0,85.0,85.0,,34.1,
634.677,94.03,85.0,85.0,85.0,,34.1,
634.677,94.03,85.0,85.0,85.0,,34.1,
634.677,94.03,85.0,85.0,85.0,,34.1,
634.677,94.03,85.0,85.0,85.0,,34.1,
634.828,94.04,85.0,85.0,85.0,,34.11,
634.828,94.04,85.0,85.0,85.0,,34.11,
634.828,94.04,85.0,85.0,85.0,,34.11,
634.828,94.04,85.0,85.0,85.0,,34.11,
634.828,94.04,85.0,85.0,85.0,,34.11,
634.978,94.03,85.0,85.0,85.0,,34.11,
634.978,94.03,85.0,85.0,85.0,,34.11,
634.978,94.03,85.0,85.0,85.0,,34.11,
634.978,94.03,85.0,85.0,85.0,,34.11,
634.978,94.03,85.0,85.0,85.0,,34.11,
635.129,94.03,85.0,85.0,85.0,85.8,34.11,75.59
635.129,94.03,85.0,85.0,85.0,85.8,34.11,75.59
635.129,94.03,85.0,85.0,85.0,85.8,34.11,75.59
635.129,94.03,85.0,85.0,85.0,85.8,34.11,75.59
635.129,94.03,85.0,85.0,85.0,85.8,34.11,75.59
635.129,94.03,85.0,85.0,85.0,85.8,34.11,75.59
635.129,94.03,85.0,85.0,85.0,85.8,34.11,75.59
635.277,94.02,85.0,85.0,85.0,,34.11,
635.277,94.02,85.0,85.0,85.0,,34.11,
635.277,94.02,85.0,85.0,85.0,,34.11,
635.277,94.02,85.0,85.0,85.0,,34.11,
635.277,94.02,85.0,85.0,85.0,,34.11,
635.428,94.03,85.0,85.0,85.0,,34.11,
635.428,94.03,85.0,85.0,85.0,,34.11,
635.428,94.03,85.0,85.0,85.0,,34.11,
635.428,94.03,85.0,85.0,85.0,,34.11,
635.428,94.03,85.0,85.0,85.0,,34.11,
635.579,94.02,85.0,85.0,85.0,,34.11,
635.579,94.02,85.0,85.0,85.0,,34.11,
635.579,94.02,85.0,85.0,85.0,,34.11,
635.579,94.02,85.0,85.0,85.0,,34.11,
635.579,94.02,85.0,85.0,85.0,,34.11,
635.729,94.04,85.0,85.0,60.0,85.82,34.11,75.65
635.729,94.04,85.0,85.0,60.0,85.82,34.11,75.65
635.729,94.04,85.0,85.0,60.0,85.82,34.11,75.65
635.729,94.04,85.0,85.0,60.0,85.82,34.11,75.65
635.729,94.04,85.0,85.0,60.0,85.82,34.11,75.65
635.729,94.04,85.0,85.0,60.0,85.82,34.11,75.65
635.729,94.04,85.0,85.0,60.0,85.82,34.11,75.65
635.876,94.04,85.0,85.0,60.0,,34.11,
635.876,94.04,85.0,85.0,60.0,,34.11,
635.876,94.04,85.0,85.0,60.0,,34.11,
635.876,94.04,85.0,85.0,60.0,,34.11,
635.876,94.04,85.0,85.0,60.0,,34.11,
636.025,94.0,85.0,85.0,60.0,,34.11,
636.025,94.0,85.0,85.0,60.0,,34.11,
636.025,94.0,85.0,85.0,60.0,,34.11,
636.025,94.0,85.0,85.0,60.0,,34.11,
636.025,94.0,85.0,85.0,60.0,,34.11,
636.18,93.78,85.0,85.0,60.0,,34.12,
636.18,93.78,85.0,85.0,60.0,,34.12,
636.18,93.78,85.0,85.0,60.0,,34.12,
636.18,93.78,85.0,85.0,60.0,,34.12,
636.18,93.78,85.0,85.0,60.0,,34.12,
636.325,93.13,85.0,85.0,60.0,85.89,34.16,75.66
636.325,93.13,85.0,85.0,60.0,85.89,34.16,75.66
636.325,93.13,85.0,85.0,60.0,85.89,34.16,75.66
636.325,93.13,85.0,85.0,60.0,85.89,34.16,75.66
636.325,93.13,85.0,85.0,60.0,85.89,34.16,75.66
636.325,93.13,85.0,85.0,60.0,85.89,34.16,75.66
636.325,93.13,85.0,85.0,60.0,85.89,34.16,75.66
636.475,92.4,85.0,85.0,60.0,,34.22,
636.475,92.4,85.0,85.0,60.0,,34.22,
636.475,92.4,85.0,85.0,60.0,,34.22,
636.475,92.4,85.0,85.0,60.0,,34.22,
636.475,92.4,85.0,85.0,60.0,,34.22,
636.63,91.55,85.0,85.0,60.0,,34.32,
636.63,91.55,85.0,85.0,60.0,,34.32,
636.63,91.55,85.0,85.0,60.0,,34.32,
636.63,91.55,85.0,85.0,60.0,,34.32,
636.63,91.55,85.0,85.0,60.0,,34.32,
636.775,90.31,85.0,85.0,60.0,,34.49,
636.775,90.31,85.0,85.0,60.0,,34.49,
636.775,90.31,85.0,85.0,60.0,,34.49,
636.775,90.31,85.0,85.0,60.0,,34.49,
636.775,90.31,85.0,85.0,60.0,,34.49,
636.925,89.34,85.0,85.0,60.0,,34.65,
636.925,89.34,85.0,85.0,60.0,,34.65,
636.925,89.34,85.0,85.0,60.0,,34.65,
636.925,89.34,85.0,85.0,60.0,,34.65,
636.925,89.34,85.0,85.0,60.0,,34.65,
636.95,,,,,85.76,,75.64
636.95,,,,,85.76,,75.64
637.075,88.34,85.0,85.0,60.0,,34.82,
637.075,88.34,85.0,85.0,60.0,,34.82,
637.075,88.34,85.0,85.0,60.0,,34.82,
637.075,88.34,85.0,85.0,60.0,,34.82,
637.075,88.34,85.0,85.0,60.0,,34.82,
637.227,87.01,85.0,85.0,60.0,,35.1,
637.227,87.01,85.0,85.0,60.0,,35.1,
637.227,87.01,85.0,85.0,60.0,,35.1,
637.227,87.01,85.0,85.0,60.0,,35.1,
637.227,87.01,85.0,85.0,60.0,,35.1,
637.377,86.0,85.0,85.0,60.0,,35.32,
637.377,86.0,85.0,85.0,60.0,,35.32,
637.377,86.0,85.0,85.0,60.0,,35.32,
637.377,86.0,85.0,85.0,60.0,,35.32,
637.377,86.0,85.0,85.0,60.0,,35.32,
637.532,85.0,85.0,85.0,60.0,85.85,35.55,75.63
637.532,85.0,85.0,85.0,60.0,85.85,35.55,75.63
637.532,85.0,85.0,85.0,60.0,85.85,35.55,75.63
637.532,85.0,85.0,85.0,60.0,85.85,35.55,75.63
637.532,85.0,85.0,85.0,60.0,85.85,35.55,75.63
637.532,85.0,85.0,85.0,60.0,85.85,35.55,75.63
637.532,85.0,85.0,85.0,60.0,85.85,35.55,75.63
637.679,83.7,85.0,85.0,60.0,,35.87,
637.679,83.7,85.0,85.0,60.0,,35.87,
637.679,83.7,85.0,85.0,60.0,,35.87,
637.679,83.7,85.0,85.0,60.0,,35.87,
637.679,83.7,85.0,85.0,60.0,,35.87,
637.827,82.71,85.0,85.0,60.0,,36.11,
637.827,82.71,85.0,85.0,60.0,,36.11,
637.827,82.71,85.0,85.0,60.0,,36.11,
637.827,82.71,85.0,85.0,60.0,,36.11,
637.827,82.71,85.0,85.0,60.0,,36.11,
637.981,81.74,85.0,85.0,60.0,,36.36,
637.981,81.74,85.0,85.0,60.0,,36.36,
637.981,81.74,85.0,85.0,60.0,,36.36,
637.981,81.74,85.0,85.0,60.0,,36.36,
637.981,81.74,85.0,85.0,60.0,,36.36,
638.128,80.45,85.0,85.0,60.0,85.81,36.71,75.64
638.128,80.45,85.0,85.0,60.0,85.81,36.71,75.64
638.128,80.45,85.0,85.0,60.0,85.81,36.71,75.64
638.128,80.45,85.0,85.0,60.0,85.81,36.71,75.64
638.128,80.45,85.0,85.0,60.0,85.81,36.71,75.64
638.128,80.45,85.0,85.0,60.0,85.81,36.71,75.64
638.128,80.45,85.0,85.0,60.0,85.81,36.71,75.64
638.278,79.51,85.0,85.0,60.0,,36.97,
638.278,79.51,85.0,85.0,60.0,,36.97,
638.278,79.51,85.0,85.0,60.0,,36.97,
638.278,79.51,85.0,85.0,60.0,,36.97,
638.278,79.51,85.0,85.0,60.0,,36.97,
638.428,78.59,85.0,85.0,60.0,,37.23,
638.428,78.59,85.0,85.0,60.0,,37.23,
638.428,78.59,85.0,85.0,60.0,,37.23,
638.428,78.59,85.0,85.0,60.0,,37.23,
638.428,78.59,85.0,85.0,60.0,,37.23,
638.58,77.4,85.0,85.0,60.0,,37.57,
638.58,77.4,85.0,85.0,60.0,,37.57,
638.58,77.4,85.0,85.0,60.0,,37.57,
638.58,77.4,85.0,85.0,60.0,,37.57,
638.58,77.4,85.0,85.0,60.0,,37.57,
638.73,76.52,85.0,85.0,60.0,85.86,37.83,75.63
638.73,76.52,85.0,85.0,60.0,85.86,37.83,75.63
638.73,76.52,85.0,85.0,60.0,85.86,37.83,75.63
638.73,76.52,85.0,85.0,60.0,85.86,37.83,75.63
638.73,76.52,85.0,85.0,60.0,85.86,37.83,75.63
638.73,76.52,85.0,85.0,60.0,85.86,37.83,75.63
638.73,76.52,85.0,85.0,60.0,85.86,37.83,75.63
638.885,75.66,85.0,85.0,60.0,,38.09,
638.885,75.66,85.0,85.0,60.0,,38.09,
638.885,75.66,85.0,85.0,60.0,,38.09,
638.885,75.66,85.0,85.0,60.0,,38.09,
638.885,75.66,85.0,85.0,60.0,,38.09,
639.03,74.53,85.0,85.0,60.0,,38.42,
639.03,74.53,85.0,85.0,60.0,,38.42,
639.03,74.53,85.0,85.0,60.0,,38.42,
639.03,74.53,85.0,85.0,60.0,,38.42,
639.03,74.53,85.0,85.0,60.0,,38.42,
639.18,73.7,85.0,85.0,60.0,,38.67,
639.18,73.7,85.0,85.0,60.0,,38.67,
639.18,73.7,85.0,85.0,60.0,,38.67,
639.18,73.7,85.0,85.0,60.0,,38.67,
639.18,73.7,85.0,85.0,60.0,,38.67,
639.33,72.88,85.0,85.0,60.0,85.84,38.94,75.6
639.33,72.88,85.0,85.0,60.0,85.84,38.94,75.6
639.33,72.88,85.0,85.0,60.0,85.84,38.94,75.6
639.33,72.88,85.0,85.0,60.0,85.84,38.94,75.6
639.33,72.88,85.0,85.0,60.0,85.84,38.94,75.6
639.33,72.88,85.0,85.0,60.0,85.84,38.94,75.6
639.33,72.88,85.0,85.0,60.0,85.84,38.94,75.6
639.482,71.8,85.0,85.0,60.0,,39.26,
639.482,71.8,85.0,85.0,60.0,,39.26,
639.482,71.8,85.0,85.0,60.0,,39.26,
639.482,71.8,85.0,85.0,60.0,,39.26,
639.482,71.8,85.0,85.0,60.0,,39.26,
639.632,71.0,85.0,85.0,60.0,,39.5,
639.632,71.0,85.0,85.0,60.0,,39.5,
639.632,71.0,85.0,85.0,60.0,,39.5,
639.632,71.0,85.0,85.0,60.0,,39.5,
639.632,71.0,85.0,85.0,60.0,,39.5,
639.787,70.23,85.0,85.0,60.0,,39.75,
639.787,70.23,85.0,85.0,60.0,,39.75,
639.787,70.23,85.0,85.0,60.0,,39.75,
639.787,70.23,85.0,85.0,60.0,,39.75,
639.787,70.23,85.0,85.0,60.0,,39.75,
639.932,69.23,85.0,85.0,60.0,85.78,40.06,75.59
639.932,69.23,85.0,85.0,60.0,85.78,40.06,75.59
639.932,69.23,85.0,85.0,60.0,85.78,40.06,75.59
639.932,69.23,85.0,85.0,60.0,85.78,40.06,75.59
639.932,69.23,85.0,85.0,60.0,85.78,40.06,75.59
639.932,69.23,85.0,85.0,60.0,85.78,40.06,75.59
639.932,69.23,85.0,85.0,60.0,85.78,40.06,75.59
640.082,68.5,85.0,85.0,60.0,,40.31,
640.082,68.5,85.0,85.0,60.0,,40.31,
640.082,68.5,85.0,85.0,60.0,,40.31,
640.082,68.5,85.0,85.0,60.0,,40.31,
640.082,68.5,85.0,85.0,60.0,,40.31,
640.237,67.77,85.0,85.0,60.0,,40.55,
640.237,67.77,85.0,85.0,60.0,,40.55,
640.237,67.77,85.0,85.0,60.0,,40.55,
640.237,67.77,85.0,85.0,60.0,,40.55,
640.237,67.77,85.0,85.0,60.0,,40.55,
640.384,66.8,85.0,85.0,60.0,,40.88,
640.384,66.8,85.0,85.0,60.0,,40.88,
640.384,66.8,85.0,85.0,60.0,,40.88,
640.384,66.8,85.0,85.0,60.0,,40.88,
640.384,66.8,85.0,85.0,60.0,,40.88,
640.534,66.1,85.0,85.0,60.0,85.8,41.11,75.53
640.534,66.1,85.0,85.0,60.0,85.8,41.11,75.53
640.534,66.1,85.0,85.0,60.0,85.8,41.11,75.53
640.534,66.1,85.0,85.0,60.0,85.8,41.11,75.53
640.534,66.1,85.0,85.0,60.0,85.8,41.11,75.53
640.534,66.1,85.0,85.0,60.0,85.8,41.11,75.53
640.534,66.1,85.0,85.0,60.0,85.8,41.11,75.53
640.689,65.42,85.0,85.0,60.0,,41.34,
640.689,65.42,85.0,85.0,60.0,,41.34,
640.689,65.42,85.0,85.0,60.0,,41.34,
640.689,65.42,85.0,85.0,60.0,,41.34,
640.689,65.42,85.0,85.0,60.0,,41.34,
640.835,64.5,84.98,85.0,60.0,,41.64,
640.835,64.5,84.98,85.0,60.0,,41.64,
640.835,64.5,84.98,85.0,60.0,,41.64,
640.835,64.5,84.98,85.0,60.0,,41.64,
640.835,64.5,84.98,85.0,60.0,,41.64,
640.985,63.83,84.95,85.0,60.0,,41.87,
640.985,63.83,84.95,85.0,60.0,,41.87,
640.985,63.83,84.95,85.0,60.0,,41.87,
640.985,63.83,84.95,85.0,60.0,,41.87,
640.985,63.83,84.95,85.0,60.0,,41.87,
641.14,63.17,84.93,85.0,60.0,85.67,42.1,75.55
641.14,63.17,84.93,85.0,60.0,85.67,42.1,75.55
641.14,63.17,84.93,85.0,60.0,85.67,42.1,75.55
641.14,63.17,84.93,85.0,60.0,85.67,42.1,75.55
641.14,63.17,84.93,85.0,60.0,85.67,42.1,75.55
641.14,63.17,84.93,85.0,60.0,85.67,42.1,75.55
641.14,63.17,84.93,85.0,60.0,85.67,42.1,75.55
641.285,62.32,84.9,85.0,60.0,,42.4,
641.285,62.32,84.9,85.0,60.0,,42.4,
641.285,62.32,84.9,85.0,60.0,,42.4,
641.285,62.32,84.9,85.0,60.0,,42.4,
641.285,62.32,84.9,85.0,60.0,,42.4,
641.435,61.69,84.88,85.0,60.0,,42.62,
641.435,61.69,84.88,85.0,60.0,,42.62,
641.435,61.69,84.88,85.0,60.0,,42.62,
641.435,61.69,84.88,85.0,60.0,,42.62,
641.435,61.69,84.88,85.0,60.0,,42.62,
641.585,61.06,84.85,85.0,60.0,,42.85,
641.585,61.06,84.85,85.0,60.0,,42.85,
641.585,61.06,84.85,85.0,60.0,,42.85,
641.585,61.06,84.85,85.0,60.0,,42.85,
641.585,61.06,84.85,85.0,60.0,,42.85,
641.737,60.25,84.82,85.0,60.0,85.57,43.13,75.45
641.737,60.25,84.82,85.0,60.0,85.57,43.13,75.45
641.737,60.25,84.82,85.0,60.0,85.57,43.13,75.45
641.737,60.25,84.82,85.0,60.0,85.57,43.13,75.45
641.737,60.25,84.82,85.0,60.0,85.57,43.13,75.45
641.737,60.25,84.82,85.0,60.0,85.57,43.13,75.45
641.737,60.25,84.82,85.0,60.0,85.57,43.13,75.45
641.887,59.66,84.79,85.0,60.0,,43.35,
641.887,59.66,84.79,85.0,60.0,,43.35,
641.887,59.66,84.79,85.0,60.0,,43.35,
641.887,59.66,84.79,85.0,60.0,,43.35,
641.887,59.66,84.79,85.0,60.0,,43.35,
642.042,59.06,84.77,85.0,60.0,,43.56,
642.042,59.06,84.77,85.0,60.0,,43.56,
642.042,59.06,84.77,85.0,60.0,,43.56,
642.042,59.06,84.77,85.0,60.0,,43.56,
642.042,59.06,84.77,85.0,60.0,,43.56,
642.187,58.28,84.73,85.0,60.0,,43.85,
642.187,58.28,84.73,85.0,60.0,,43.85,
642.187,58.28,84.73,85.0,60.0,,43.85,
642.187,58.28,84.73,85.0,60.0,,43.85,
642.187,58.28,84.73,85.0,60.0,,43.85,
642.337,57.71,84.7,85.0,60.0,85.53,44.05,75.38
642.337,57.71,84.7,85.0,60.0,85.53,44.05,75.38
642.337,57.71,84.7,85.0,60.0,85.53,44.05,75.38
642.337,57.71,84.7,85.0,60.0,85.53,44.05,75.38
642.337,57.71,84.7,85.0,60.0,85.53,44.05,75.38
642.337,57.71,84.7,85.0,60.0,85.53,44.05,75.38
642.337,57.71,84.7,85.0,60.0,85.53,44.05,75.38
642.492,57.15,84.67,85.0,60.0,,44.26,
642.492,57.15,84.67,85.0,60.0,,44.26,
642.492,57.15,84.67,85.0,60.0,,44.26,
642.492,57.15,84.67,85.0,60.0,,44.26,
642.492,57.15,84.67,85.0,60.0,,44.26,
642.638,56.4,84.64,85.0,60.0,,44.55,
642.638,56.4,84.64,85.0,60.0,,44.55,
642.638,56.4,84.64,85.0,60.0,,44.55,
642.638,56.4,84.64,85.0,60.0,,44.55,
642.638,56.4,84.64,85.0,60.0,,44.55,
642.788,55.86,84.61,85.0,60.0,,44.77,
642.788,55.86,84.61,85.0,60.0,,44.77,
642.788,55.86,84.61,85.0,60.0,,44.77,
642.788,55.86,84.61,85.0,60.0,,44.77,
642.788,55.86,84.61,85.0,60.0,,44.77,
642.943,55.34,84.57,85.0,60.0,85.42,44.98,75.26
642.943,55.34,84.57,85.0,60.0,85.42,44.98,75.26
642.943,55.34,84.57,85.0,60.0,85.42,44.98,75.26
642.943,55.34,84.57,85.0,60.0,85.42,44.98,75.26
642.943,55.34,84.57,85.0,60.0,85.42,44.98,75.26
642.943,55.34,84.57,85.0,60.0,85.42,44.98,75.26
642.943,55.34,84.57,85.0,60.0,85.42,44.98,75.26
643.088,54.63,84.54,85.0,60.0,,45.25,
643.088,54.63,84.54,85.0,60.0,,45.25,
643.088,54.63,84.54,85.0,60.0,,45.25,
643.088,54.63,84.54,85.0,60.0,,45.25,
643.088,54.63,84.54,85.0,60.0,,45.25,
643.238,54.12,84.5,85.0,60.0,,45.45,
643.238,54.12,84.5,85.0,60.0,,45.45,
643.238,54.12,84.5,85.0,60.0,,45.45,
643.238,54.12,84.5,85.0,60.0,,45.45,
643.238,54.12,84.5,85.0,60.0,,45.45,
643.393,53.59,84.47,85.0,60.0,,45.65,
643.393,53.59,84.47,85.0,60.0,,45.65,
643.393,53.59,84.47,85.0,60.0,,45.65,
643.393,53.59,84.47,85.0,60.0,,45.65,
643.393,53.59,84.47,85.0,60.0,,45.65,
643.538,52.93,84.43,85.0,60.0,85.3,45.92,75.08
643.538,52.93,84.43,85.0,60.0,85.3,45.92,75.08
643.538,52.93,84.43,85.0,60.0,85.3,45.92,75.08
643.538,52.93,84.43,85.0,60.0,85.3,45.92,75.08
643.538,52.93,84.43,85.0,60.0,85.3,45.92,75.08
643.538,52.93,84.43,85.0,60.0,85.3,45.92,75.08
643.538,52.93,84.43,85.0,60.0,85.3,45.92,75.08
643.688,52.43,84.39,85.0,60.0,,46.11,
643.688,52.43,84.39,85.0,60.0,,46.11,
643.688,52.43,84.39,85.0,60.0,,46.11,
643.688,52.43,84.39,85.0,60.0,,46.11,
643.688,52.43,84.39,85.0,60.0,,46.11,
643.838,52.06,84.36,85.0,60.0,,46.26,
643.838,52.06,84.36,85.0,60.0,,46.26,
643.838,52.06,84.36,85.0,60.0,,46.26,
643.838,52.06,84.36,85.0,60.0,,46.26,
643.838,52.06,84.36,85.0,60.0,,46.26,
643.99,51.3,84.31,85.0,60.0,,46.56,
643.99,51.3,84.31,85.0,60.0,,46.56,
643.99,51.3,84.31,85.0,60.0,,46.56,
643.99,51.3,84.31,85.0,60.0,,46.56,
643.99,51.3,84.31,85.0,60.0,,46.56,
644.14,50.84,84.27,85.0,60.0,85.32,46.77,75.0
644.14,50.84,84.27,85.0,60.0,85.32,46.77,75.0
644.14,50.84,84.27,85.0,60.0,85.32,46.77,75.0
644.14,50.84,84.27,85.0,60.0,85.32,46.77,75.0
644.14,50.84,84.27,85.0,60.0,85.32,46.77,75.0
644.14,50.84,84.27,85.0,60.0,85.32,46.77,75.0
644.14,50.84,84.27,85.0,60.0,85.32,46.77,75.0
644.29,50.37,84.24,85.0,60.0,,46.97,
644.29,50.37,84.24,85.0,60.0,,46.97,
644.29,50.37,84.24,85.0,60.0,,46.97,
644.29,50.37,84.24,85.0,60.0,,46.97,
644.29,50.37,84.24,85.0,60.0,,46.97,
644.44,49.76,84.19,85.0,60.0,,47.21,
644.44,49.76,84.19,85.0,60.0,,47.21,
644.44,49.76,84.19,85.0,60.0,,47.21,
644.44,49.76,84.19,85.0,60.0,,47.21,
644.44,49.76,84.19,85.0,60.0,,47.21,
644.59,49.31,84.15,85.0,60.0,,47.41,
644.59,49.31,84.15,85.0,60.0,,47.41,
644.59,49.31,84.15,85.0,60.0,,47.41,
644.59,49.31,84.15,85.0,60.0,,47.41,
644.59,49.31,84.15,85.0,60.0,,47.41,
644.74,48.87,84.11,85.0,60.0,85.15,47.59,74.8
644.74,48.87,84.11,85.0,60.0,85.15,47.59,74.8
644.74,48.87,84.11,85.0,60.0,85.15,47.59,74.8
644.74,48.87,84.11,85.0,60.0,85.15,47.59,74.8
644.74,48.87,84.11,85.0,60.0,85.15,47.59,74.8
644.74,48.87,84.11,85.0,60.0,85.15,47.59,74.8
644.74,48.87,84.11,85.0,60.0,85.15,47.59,74.8
644.891,48.28,84.07,85.0,60.0,,47.85,
644.891,48.28,84.07,85.0,60.0,,47.85,
644.891,48.28,84.07,85.0,60.0,,47.85,
644.891,48.28,84.07,85.0,60.0,,47.85,
644.891,48.28,84.07,85.0,60.0,,47.85,
645.041,47.86,84.03,85.0,60.0,,48.04,
645.041,47.86,84.03,85.0,60.0,,48.04,
645.041,47.86,84.03,85.0,60.0,,48.04,
645.041,47.86,84.03,85.0,60.0,,48.04,
645.041,47.86,84.03,85.0,60.0,,48.04,
645.191,47.44,83.99,85.0,60.0,,48.22,
645.191,47.44,83.99,85.0,60.0,,48.22,
645.191,47.44,83.99,85.0,60.0,,48.22,
645.191,47.44,83.99,85.0,60.0,,48.22,
645.191,47.44,83.99,85.0,60.0,,48.22,
645.341,46.88,83.94,85.0,60.0,85.04,48.46,74.58
645.341,46.88,83.94,85.0,60.0,85.04,48.46,74.58
645.341,46.88,83.94,85.0,60.0,85.04,48.46,74.58
645.341,46.88,83.94,85.0,60.0,85.04,48.46,74.58
645.341,46.88,83.94,85.0,60.0,85.04,48.46,74.58
645.341,46.88,83.94,85.0,60.0,85.04,48.46,74.58
645.341,46.88,83.94,85.0,60.0,85.04,48.46,74.58
645.491,46.47,83.9,85.0,60.0,,48.64,
645.491,46.47,83.9,85.0,60.0,,48.64,
645.491,46.47,83.9,85.0,60.0,,48.64,
645.491,46.47,83.9,85.0,60.0,,48.64,
645.491,46.47,83.9,85.0,60.0,,48.64,
645.641,46.07,83.86,85.0,60.0,,48.81,
645.641,46.07,83.86,85.0,60.0,,48.81,
645.641,46.07,83.86,85.0,60.0,,48.81,
645.641,46.07,83.86,85.0,60.0,,48.81,
645.641,46.07,83.86,85.0,60.0,,48.81,
645.791,45.54,83.81,85.0,60.0,,49.07,
645.791,45.54,83.81,85.0,60.0,,49.07,
645.791,45.54,83.81,85.0,60.0,,49.07,
645.791,45.54,83.81,85.0,60.0,,49.07,
645.791,45.54,83.81,85.0,60.0,,49.07,
645.941,45.15,83.77,85.0,60.0,84.93,49.25,74.16
645.941,45.15,83.77,85.0,60.0,84.93,49.25,74.16
645.941,45.15,83.77,85.0,60.0,84.93,49.25,74.16
645.941,45.15,83.77,85.0,60.0,84.93,49.25,74.16
645.941,45.15,83.77,85.0,60.0,84.93,49.25,74.16
645.941,45.15,83.77,85.0,60.0,84.93,49.25,74.16
645.941,45.15,83.77,85.0,60.0,84.93,49.25,74.16
646.091,44.76,83.72,85.0,60.0,,49.43,
646.091,44.76,83.72,85.0,60.0,,49.43,
646.091,44.76,83.72,85.0,60.0,,49.43,
646.091,44.76,83.72,85.0,60.0,,49.43,
646.091,44.76,83.72,85.0,60.0,,49.43,
646.241,44.25,83.68,85.0,60.0,,49.67,
646.241,44.25,83.68,85.0,60.0,,49.67,
646.241,44.25,83.68,85.0,60.0,,49.67,
646.241,44.25,83.68,85.0,60.0,,49.67,
646.241,44.25,83.68,85.0,60.0,,49.67,
646.391,43.88,83.63,85.0,60.0,,49.84,
646.391,43.88,83.63,85.0,60.0,,49.84,
646.391,43.88,83.63,85.0,60.0,,49.84,
646.391,43.88,83.63,85.0,60.0,,49.84,
646.391,43.88,83.63,85.0,60.0,,49.84,
646.541,43.51,83.59,85.0,60.0,84.85,50.02,73.91
646.541,43.51,83.59,85.0,60.0,84.85,50.02,73.91
646.541,43.51,83.59,85.0,60.0,84.85,50.02,73.91
646.541,43.51,83.59,85.0,60.0,84.85,50.02,73.91
646.541,43.51,83.59,85.0,60.0,84.85,50.02,73.91
646.541,43.51,83.59,85.0,60.0,84.85,50.02,73.91
646.541,43.51,83.59,85.0,60.0,84.85,50.02,73.91
646.691,43.04,83.54,85.0,60.0,,50.25,
646.691,43.04,83.54,85.0,60.0,,50.25,
646.691,43.04,83.54,85.0,60.0,,50.25,
646.691,43.04,83.54,85.0,60.0,,50.25,
646.691,43.04,83.54,85.0,60.0,,50.25,
646.841,42.69,83.49,85.0,60.0,,50.42,
646.841,42.69,83.49,85.0,60.0,,50.42,
646.841,42.69,83.49,85.0,60.0,,50.42,
646.841,42.69,83.49,85.0,60.0,,50.42,
646.841,42.69,83.49,85.0,60.0,,50.42,
646.991,42.33,83.45,85.0,60.0,,50.59,
646.991,42.33,83.45,85.0,60.0,,50.59,
646.991,42.33,83.45,85.0,60.0,,50.59,
646.991,42.33,83.45,85.0,60.0,,50.59,
646.991,42.33,83.45,85.0,60.0,,50.59,
647.143,41.87,83.4,85.0,60.0,84.67,50.82,73.23
647.143,41.87,83.4,85.0,60.0,84.67,50.82,73.23
647.143,41.87,83.4,85.0,60.0,84.67,50.82,73.23
647.143,41.87,83.4,85.0,60.0,84.67,50.82,73.23
647.143,41.87,83.4,85.0,60.0,84.67,50.82,73.23
647.143,41.87,83.4,85.0,60.0,84.67,50.82,73.23
647.143,41.87,83.4,85.0,60.0,84.67,50.82,73.23
647.292,41.52,83.35,85.0,60.0,,50.99,
647.292,41.52,83.35,85.0,60.0,,50.99,
647.292,41.52,83.35,85.0,60.0,,50.99,
647.292,41.52,83.35,85.0,60.0,,50.99,
647.292,41.52,83.35,85.0,60.0,,50.99,
647.442,41.19,83.31,85.0,60.0,,51.15,
647.442,41.19,83.31,85.0,60.0,,51.15,
647.442,41.19,83.31,85.0,60.0,,51.15,
647.442,41.19,83.31,85.0,60.0,,51.15,
647.442,41.19,83.31,85.0,60.0,,51.15,
647.593,40.75,83.26,85.0,60.0,,51.37,
647.593,40.75,83.26,85.0,60.0,,51.37,
647.593,40.75,83.26,85.0,60.0,,51.37,
647.593,40.75,83.26,85.0,60.0,,51.37,
647.593,40.75,83.26,85.0,60.0,,51.37,
647.742,40.42,83.21,85.0,60.0,84.62,51.54,72.97
647.742,40.42,83.21,85.0,60.0,84.62,51.54,72.97
647.742,40.42,83.21,85.0,60.0,84.62,51.54,72.97
647.742,40.42,83.21,85.0,60.0,84.62,51.54,72.97
647.742,40.42,83.21,85.0,60.0,84.62,51.54,72.97
647.742,40.42,83.21,85.0,60.0,84.62,51.54,72.97
647.742,40.42,83.21,85.0,60.0,84.62,51.54,72.97
647.892,40.09,83.16,85.0,60.0,,51.7,
647.892,40.09,83.16,85.0,60.0,,51.7,
647.892,40.09,83.16,85.0,60.0,,51.7,
647.892,40.09,83.16,85.0,60.0,,51.7,
647.892,40.09,83.16,85.0,60.0,,51.7,
648.043,39.68,83.11,85.0,60.0,,51.92,
648.043,39.68,83.11,85.0,60.0,,51.92,
648.043,39.68,83.11,85.0,60.0,,51.92,
648.043,39.68,83.11,85.0,60.0,,51.92,
648.043,39.68,83.11,85.0,60.0,,51.92,
648.192,39.36,83.06,85.0,60.0,,52.08,
648.192,39.36,83.06,85.0,60.0,,52.08,
648.192,39.36,83.06,85.0,60.0,,52.08,
648.192,39.36,83.06,85.0,60.0,,52.08,
648.192,39.36,83.06,85.0,60.0,,52.08,
648.342,39.07,83.01,85.0,60.0,84.54,52.24,72.4
648.342,39.07,83.01,85.0,60.0,84.54,52.24,72.4
648.342,39.07,83.01,85.0,60.0,84.54,52.24,72.4
648.342,39.07,83.01,85.0,60.0,84.54,52.24,72.4
648.342,39.07,83.01,85.0,60.0,84.54,52.24,72.4
648.342,39.07,83.01,85.0,60.0,84.54,52.24,72.4
648.342,39.07,83.01,85.0,60.0,84.54,52.24,72.4
648.494,38.65,82.96,85.0,60.0,,52.45,
648.494,38.65,82.96,85.0,60.0,,52.45,
648.494,38.65,82.96,85.0,60.0,,52.45,
648.494,38.65,82.96,85.0,60.0,,52.45,
648.494,38.65,82.96,85.0,60.0,,52.45,
648.643,38.35,82.91,85.0,60.0,,52.61,
648.643,38.35,82.91,85.0,60.0,,52.61,
648.643,38.35,82.91,85.0,60.0,,52.61,
648.643,38.35,82.91,85.0,60.0,,52.61,
648.643,38.35,82.91,85.0,60.0,,52.61,
648.793,38.07,82.87,85.0,60.0,,52.77,
648.793,38.07,82.87,85.0,60.0,,52.77,
648.793,38.07,82.87,85.0,60.0,,52.77,
648.793,38.07,82.87,85.0,60.0,,52.77,
648.793,38.07,82.87,85.0,60.0,,52.77,
648.944,37.68,82.81,85.0,60.0,84.37,52.98,71.95
648.944,37.68,82.81,85.0,60.0,84.37,52.98,71.95
648.944,37.68,82.81,85.0,60.0,84.37,52.98,71.95
648.944,37.68,82.81,85.0,60.0,84.37,52.98,71.95
648.944,37.68,82.81,85.0,60.0,84.37,52.98,71.95
648.944,37.68,82.81,85.0,60.0,84.37,52.98,71.95
648.944,37.68,82.81,85.0,60.0,84.37,52.98,71.95
649.093,37.4,82.76,85.0,60.0,,53.13,
649.093,37.4,82.76,85.0,60.0,,53.13,
649.093,37.4,82.76,85.0,60.0,,53.13,
649.093,37.4,82.76,85.0,60.0,,53.13,
649.093,37.4,82.76,85.0,60.0,,53.13,
649.244,37.11,82.71,85.0,60.0,,53.28,
649.244,37.11,82.71,85.0,60.0,,53.28,
649.244,37.11,82.71,85.0,60.0,,53.28,
649.244,37.11,82.71,85.0,60.0,,53.28,
649.244,37.11,82.71,85.0,60.0,,53.28,
649.394,36.74,82.66,85.0,60.0,,53.48,
649.394,36.74,82.66,85.0,60.0,,53.48,
649.394,36.74,82.66,85.0,60.0,,53.48,
649.394,36.74,82.66,85.0,60.0,,53.48,
649.394,36.74,82.66,85.0,60.0,,53.48,
649.543,36.47,82.61,85.0,60.0,84.27,53.64,71.27
649.543,36.47,82.61,85.0,60.0,84.27,53.64,71.27
649.543,36.47,82.61,85.0,60.0,84.27,53.64,71.27
649.543,36.47,82.61,85.0,60.0,84.27,53.64,71.27
649.543,36.47,82.61,85.0,60.0,84.27,53.64,71.27
649.543,36.47,82.61,85.0,60.0,84.27,53.64,71.27
649.543,36.47,82.61,85.0,60.0,84.27,53.64,71.27
649.693,36.2,82.56,85.0,60.0,,53.81,
649.693,36.2,82.56,85.0,60.0,,53.81,
649.693,36.2,82.56,85.0,60.0,,53.81,
649.693,36.2,82.56,85.0,60.0,,53.81,
649.693,36.2,82.56,85.0,60.0,,53.81,
649.848,35.93,82.51,85.0,60.0,,53.96,
649.848,35.93,82.51,85.0,60.0,,53.96,
649.848,35.93,82.51,85.0,60.0,,53.96,
649.848,35.93,82.51,85.0,60.0,,53.96,
649.848,35.93,82.51,85.0,60.0,,53.96,
649.994,35.57,82.46,85.0,60.0,,54.17,
649.994,35.57,82.46,85.0,60.0,,54.17,
649.994,35.57,82.46,85.0,60.0,,54.17,
649.994,35.57,82.46,85.0,60.0,,54.17,
649.994,35.57,82.46,85.0,60.0,,54.17,
650.144,35.32,82.41,85.0,60.0,84.14,54.32,70.82
650.144,35.32,82.41,85.0,60.0,84.14,54.32,70.82
650.144,35.32,82.41,85.0,60.0,84.14,54.32,70.82
650.144,35.32,82.41,85.0,60.0,84.14,54.32,70.82
650.144,35.32,82.41,85.0,60.0,84.14,54.32,70.82
650.144,35.32,82.41,85.0,60.0,84.14,54.32,70.82
650.144,35.32,82.41,85.0,60.0,84.14,54.32,70.82
650.299,35.06,82.36,85.0,60.0,,54.47,
650.299,35.06,82.36,85.0,60.0,,54.47,
650.299,35.06,82.36,85.0,60.0,,54.47,
650.299,35.06,82.36,85.0,60.0,,54.47,
650.299,35.06,82.36,85.0,60.0,,54.47,
650.444,34.73,82.3,85.0,60.0,,54.66,
650.444,34.73,82.3,85.0,60.0,,54.66,
650.444,34.73,82.3,85.0,60.0,,54.66,
650.444,34.73,82.3,85.0,60.0,,54.66,
650.444,34.73,82.3,85.0,60.0,,54.66,
650.594,34.48,82.25,85.0,60.0,,54.81,
650.594,34.48,82.25,85.0,60.0,,54.81,
650.594,34.48,82.25,85.0,60.0,,54.81,
650.594,34.48,82.25,85.0,60.0,,54.81,
650.594,34.48,82.25,85.0,60.0,,54.81,
650.749,34.24,82.2,85.0,60.0,84.03,54.95,70.05
650.749,34.24,82.2,85.0,60.0,84.03,54.95,70.05
650.749,34.24,82.2,85.0,60.0,84.03,54.95,70.05
650.749,34.24,82.2,85.0,60.0,84.03,54.95,70.05
650.749,34.24,82.2,85.0,60.0,84.03,54.95,70.05
650.749,34.24,82.2,85.0,60.0,84.03,54.95,70.05
650.749,34.24,82.2,85.0,60.0,84.03,54.95,70.05
650.894,33.92,82.15,85.0,60.0,,55.15,
650.894,33.92,82.15,85.0,60.0,,55.15,
650.894,33.92,82.15,85.0,60.0,,55.15,
650.894,33.92,82.15,85.0,60.0,,55.15,
650.894,33.92,82.15,85.0,60.0,,55.15,
651.044,33.68,82.1,85.0,60.0,,55.29,
651.044,33.68,82.1,85.0,60.0,,55.29,
651.044,33.68,82.1,85.0,60.0,,55.29,
651.044,33.68,82.1,85.0,60.0,,55.29,
651.044,33.68,82.1,85.0,60.0,,55.29,
651.199,33.45,82.04,85.0,60.0,,55.42,
651.199,33.45,82.04,85.0,60.0,,55.42,
651.199,33.45,82.04,85.0,60.0,,55.42,
651.199,33.45,82.04,85.0,60.0,,55.42,
651.199,33.45,82.04,85.0,60.0,,55.42,
651.344,33.14,81.99,85.0,60.0,83.97,55.62,69.59
651.344,33.14,81.99,85.0,60.0,83.97,55.62,69.59
651.344,33.14,81.99,85.0,60.0,83.97,55.62,69.59
651.344,33.14,81.99,85.0,60.0,83.97,55.62,69.59
651.344,33.14,81.99,85.0,60.0,83.97,55.62,69.59
651.344,33.14,81.99,85.0,60.0,83.97,55.62,69.59
651.344,33.14,81.99,85.0,60.0,83.97,55.62,69.59
651.494,32.91,81.94,85.0,60.0,,55.76,
651.494,32.91,81.94,85.0,60.0,,55.76,
651.494,32.91,81.94,85.0,60.0,,55.76,
651.494,32.91,81.94,85.0,60.0,,55.76,
651.494,32.91,81.94,85.0,60.0,,55.76,
651.649,32.69,81.89,85.0,60.0,,55.9,
651.649,32.69,81.89,85.0,60.0,,55.9,
651.649,32.69,81.89,85.0,60.0,,55.9,
651.649,32.69,81.89,85.0,60.0,,55.9,
651.649,32.69,81.89,85.0,60.0,,55.9,
651.794,32.4,81.83,85.0,60.0,,56.06,
651.794,32.4,81.83,85.0,60.0,,56.06,
651.794,32.4,81.83,85.0,60.0,,56.06,
651.794,32.4,81.83,85.0,60.0,,56.06,
651.794,32.4,81.83,85.0,60.0,,56.06,
651.944,32.17,81.78,85.0,60.0,83.69,56.21,68.74
651.944,32.17,81.78,85.0,60.0,83.69,56.21,68.74
651.944,32.17,81.78,85.0,60.0,83.69,56.21,68.74
651.944,32.17,81.78,85.0,60.0,83.69,56.21,68.74
651.944,32.17,81.78,85.0,60.0,83.69,56.21,68.74
651.944,32.17,81.78,85.0,60.0,83.69,56.21,68.74
651.944,32.17,81.78,85.0,60.0,83.69,56.21,68.74
652.099,31.97,81.73,85.0,60.0,,56.39,
652.099,31.97,81.73,85.0,60.0,,56.39,
652.099,31.97,81.73,85.0,60.0,,56.39,
652.099,31.97,81.73,85.0,60.0,,56.39,
652.099,31.97,81.73,85.0,60.0,,56.39,
652.244,31.69,81.67,85.0,60.0,,56.56,
652.244,31.69,81.67,85.0,60.0,,56.56,
652.244,31.69,81.67,85.0,60.0,,56.56,
652.244,31.69,81.67,85.0,60.0,,56.56,
652.244,31.69,81.67,85.0,60.0,,56.56,
652.394,31.47,81.62,85.0,60.0,83.76,56.69,68.39
652.394,31.47,81.62,85.0,60.0,83.76,56.69,68.39
652.394,31.47,81.62,85.0,60.0,83.76,56.69,68.39
652.394,31.47,81.62,85.0,60.0,83.76,56.69,68.39
652.394,31.47,81.62,85.0,60.0,83.76,56.69,68.39
652.394,31.47,81.62,85.0,60.0,83.76,56.69,68.39
652.394,31.47,81.62,85.0,60.0,83.76,56.69,68.39
652.549,31.27,81.57,85.0,60.0,,56.82,
652.549,31.27,81.57,85.0,60.0,,56.82,
652.549,31.27,81.57,85.0,60.0,,56.82,
652.549,31.27,81.57,85.0,60.0,,56.82,
652.549,31.27,81.57,85.0,60.0,,56.82,
652.694,31.01,81.51,85.0,60.0,,57.01,
652.694,31.01,81.51,85.0,60.0,,57.01,
652.694,31.01,81.51,85.0,60.0,,57.01,
652.694,31.01,81.51,85.0,60.0,,57.01,
652.694,31.01,81.51,85.0,60.0,,57.01,
652.844,30.81,81.46,85.0,60.0,,57.14,
652.844,30.81,81.46,85.0,60.0,,57.14,
652.844,30.81,81.46,85.0,60.0,,57.14,
652.844,30.81,81.46,85.0,60.0,,57.14,
652.844,30.81,81.46,85.0,60.0,,57.14,
652.995,30.6,81.41,85.0,60.0,,57.28,
652.995,30.6,81.41,85.0,60.0,,57.28,
652.995,30.6,81.41,85.0,60.0,,57.28,
652.995,30.6,81.41,85.0,60.0,,57.28,
652.995,30.6,81.41,85.0,60.0,,57.28,
653.145,30.35,81.35,85.0,60.0,83.62,57.45,67.52
653.145,30.35,81.35,85.0,60.0,83.62,57.45,67.52
653.145,30.35,81.35,85.0,60.0,83.62,57.45,67.52
653.145,30.35,81.35,85.0,60.0,83.62,57.45,67.52
653.145,30.35,81.35,85.0,60.0,83.62,57.45,67.52
653.145,30.35,81.35,85.0,60.0,83.62,57.45,67.52
653.145,30.35,81.35,85.0,60.0,83.62,57.45,67.52
653.295,30.16,81.3,85.0,60.0,,57.58,
653.295,30.16,81.3,85.0,60.0,,57.58,
653.295,30.16,81.3,85.0,60.0,,57.58,
653.295,30.16,81.3,85.0,60.0,,57.58,
653.295,30.16,81.3,85.0,60.0,,57.58,
653.45,29.97,81.25,85.0,60.0,,57.72,
653.45,29.97,81.25,85.0,60.0,,57.72,
653.45,29.97,81.25,85.0,60.0,,57.72,
653.45,29.97,81.25,85.0,60.0,,57.72,
653.45,29.97,81.25,85.0,60.0,,57.72,
653.595,29.71,81.19,85.0,60.0,,57.9,
653.595,29.71,81.19,85.0,60.0,,57.9,
653.595,29.71,81.19,85.0,60.0,,57.9,
653.595,29.71,81.19,85.0,60.0,,57.9,
653.595,29.71,81.19,85.0,60.0,,57.9,
653.745,29.53,81.14,85.0,60.0,83.47,58.02,67.08
653.745,29.53,81.14,85.0,60.0,83.47,58.02,67.08
653.745,29.53,81.14,85.0,60.0,83.47,58.02,67.08
653.745,29.53,81.14,85.0,60.0,83.47,58.02,67.08
653.745,29.53,81.14,85.0,60.0,83.47,58.02,67.08
653.745,29.53,81.14,85.0,60.0,83.47,58.02,67.08
653.745,29.53,81.14,85.0,60.0,83.47,58.02,67.08
653.895,29.35,81.09,85.0,60.0,,58.16,
653.895,29.35,81.09,85.0,60.0,,58.16,
653.895,29.35,81.09,85.0,60.0,,58.16,
653.895,29.35,81.09,85.0,60.0,,58.16,
653.895,29.35,81.09,85.0,60.0,,58.16,
654.047,29.11,81.03,85.0,60.0,,58.33,
654.047,29.11,81.03,85.0,60.0,,58.33,
654.047,29.11,81.03,85.0,60.0,,58.33,
654.047,29.11,81.03,85.0,60.0,,58.33,
654.047,29.11,81.03,85.0,60.0,,58.33,
654.197,28.93,80.98,85.0,60.0,83.27,58.46,66.24
654.197,28.93,80.98,85.0,60.0,83.27,58.46,66.24
654.197,28.93,80.98,85.0,60.0,83.27,58.46,66.24
654.197,28.93,80.98,85.0,60.0,83.27,58.46,66.24
654.197,28.93,80.98,85.0,60.0,83.27,58.46,66.24
654.197,28.93,80.98,85.0,60.0,83.27,58.46,66.24
654.197,28.93,80.98,85.0,60.0,83.27,58.46,66.24
654.352,28.76,80.92,85.0,60.0,,58.58,
654.352,28.76,80.92,85.0,60.0,,58.58,
654.352,28.76,80.92,85.0,60.0,,58.58,
654.352,28.76,80.92,85.0,60.0,,58.58,
654.352,28.76,80.92,85.0,60.0,,58.58,
654.497,28.54,80.87,85.0,60.0,,58.75,
654.497,28.54,80.87,85.0,60.0,,58.75,
654.497,28.54,80.87,85.0,60.0,,58.75,
654.497,28.54,80.87,85.0,60.0,,58.75,
654.497,28.54,80.87,85.0,60.0,,58.75,
654.647,28.37,80.81,85.0,60.0,,58.88,
654.647,28.37,80.81,85.0,60.0,,58.88,
654.647,28.37,80.81,85.0,60.0,,58.88,
654.647,28.37,80.81,85.0,60.0,,58.88,
654.647,28.37,80.81,85.0,60.0,,58.88,
654.802,28.21,80.76,85.0,60.0,,59.02,
654.802,28.21,80.76,85.0,60.0,,59.02,
654.802,28.21,80.76,85.0,60.0,,59.02,
654.802,28.21,80.76,85.0,60.0,,59.02,
654.802,28.21,80.76,85.0,60.0,,59.02,
654.81,,,,,83.24,,65.71
654.81,,,,,83.24,,65.71
654.947,27.98,80.71,85.0,60.0,,59.19,
654.947,27.98,80.71,85.0,60.0,,59.19,
654.947,27.98,80.71,85.0,60.0,,59.19,
654.947,27.98,80.71,85.0,60.0,,59.19,
654.947,27.98,80.71,85.0,60.0,,59.19,
655.097,27.82,80.65,85.0,60.0,,59.31,
655.097,27.82,80.65,85.0,60.0,,59.31,
655.097,27.82,80.65,85.0,60.0,,59.31,
655.097,27.82,80.65,85.0,60.0,,59.31,
655.097,27.82,80.65,85.0,60.0,,59.31,
655.252,27.67,80.6,85.0,60.0,,59.43,
655.252,27.67,80.6,85.0,60.0,,59.43,
655.252,27.67,80.6,85.0,60.0,,59.43,
655.252,27.67,80.6,85.0,60.0,,59.43,
655.252,27.67,80.6,85.0,60.0,,59.43,
655.397,27.46,80.54,85.0,60.0,83.04,59.59,64.97
655.397,27.46,80.54,85.0,60.0,83.04,59.59,64.97
655.397,27.46,80.54,85.0,60.0,83.04,59.59,64.97
655.397,27.46,80.54,85.0,60.0,83.04,59.59,64.97
655.397,27.46,80.54,85.0,60.0,83.04,59.59,64.97
655.397,27.46,80.54,85.0,60.0,83.04,59.59,64.97
655.397,27.46,80.54,85.0,60.0,83.04,59.59,64.97
655.547,27.3,80.49,85.0,60.0,,59.71,
655.547,27.3,80.49,85.0,60.0,,59.71,
655.547,27.3,80.49,85.0,60.0,,59.71,
655.547,27.3,80.49,85.0,60.0,,59.71,
655.547,27.3,80.49,85.0,60.0,,59.71,
655.702,27.15,80.44,85.0,60.0,,59.84,
655.702,27.15,80.44,85.0,60.0,,59.84,
655.702,27.15,80.44,85.0,60.0,,59.84,
655.702,27.15,80.44,85.0,60.0,,59.84,
655.702,27.15,80.44,85.0,60.0,,59.84,
655.856,27.0,80.38,85.0,60.0,,59.96,
655.856,27.0,80.38,85.0,60.0,,59.96,
655.856,27.0,80.38,85.0,60.0,,59.96,
655.856,27.0,80.38,85.0,60.0,,59.96,
655.856,27.0,80.38,85.0,60.0,,59.96,
656.006,26.81,80.33,85.0,60.0,83.01,60.1,64.49
656.006,26.81,80.33,85.0,60.0,83.01,60.1,64.49
656.006,26.81,80.33,85.0,60.0,83.01,60.1,64.49
656.006,26.81,80.33,85.0,60.0,83.01,60.1,64.49
656.006,26.81,80.33,85.0,60.0,83.01,60.1,64.49
656.006,26.81,80.33,85.0,60.0,83.01,60.1,64.49
656.006,26.81,80.33,85.0,60.0,83.01,60.1,64.49
656.159,26.61,80.27,85.0,60.0,,60.28,
656.159,26.61,80.27,85.0,60.0,,60.28,
656.159,26.61,80.27,85.0,60.0,,60.28,
656.159,26.61,80.27,85.0,60.0,,60.28,
656.159,26.61,80.27,85.0,60.0,,60.28,
656.308,26.46,80.22,85.0,60.0,,60.4,
656.308,26.46,80.22,85.0,60.0,,60.4,
656.308,26.46,80.22,85.0,60.0,,60.4,
656.308,26.46,80.22,85.0,60.0,,60.4,
656.308,26.46,80.22,85.0,60.0,,60.4,
656.458,26.31,80.16,85.0,60.0,,60.53,
656.458,26.31,80.16,85.0,60.0,,60.53,
656.458,26.31,80.16,85.0,60.0,,60.53,
656.458,26.31,80.16,85.0,60.0,,60.53,
656.458,26.31,80.16,85.0,60.0,,60.53,
656.609,26.13,80.11,85.0,60.0,82.72,60.69,63.56
656.609,26.13,80.11,85.0,60.0,82.72,60.69,63.56
656.609,26.13,80.11,85.0,60.0,82.72,60.69,63.56
656.609,26.13,80.11,85.0,60.0,82.72,60.69,63.56
656.609,26.13,80.11,85.0,60.0,82.72,60.69,63.56
656.609,26.13,80.11,85.0,60.0,82.72,60.69,63.56
656.609,26.13,80.11,85.0,60.0,82.72,60.69,63.56
656.758,25.99,80.05,85.0,60.0,,60.79,
656.758,25.99,80.05,85.0,60.0,,60.79,
656.758,25.99,80.05,85.0,60.0,,60.79,
656.758,25.99,80.05,85.0,60.0,,60.79,
656.758,25.99,80.05,85.0,60.0,,60.79,
656.908,25.86,80.0,85.0,60.0,,60.91,
656.908,25.86,80.0,85.0,60.0,,60.91,
656.908,25.86,80.0,85.0,60.0,,60.91,
656.908,25.86,80.0,85.0,60.0,,60.91,
656.908,25.86,80.0,85.0,60.0,,60.91,
657.059,25.68,79.94,85.0,60.0,,61.06,
657.059,25.68,79.94,85.0,60.0,,61.06,
657.059,25.68,79.94,85.0,60.0,,61.06,
657.059,25.68,79.94,85.0,60.0,,61.06,
657.059,25.68,79.94,85.0,60.0,,61.06,
657.208,25.55,79.89,85.0,60.0,82.71,61.18,63.24
657.208,25.55,79.89,85.0,60.0,82.71,61.18,63.24
657.208,25.55,79.89,85.0,60.0,82.71,61.18,63.24
657.208,25.55,79.89,85.0,60.0,82.71,61.18,63.24
657.208,25.55,79.89,85.0,60.0,82.71,61.18,63.24
657.208,25.55,79.89,85.0,60.0,82.71,61.18,63.24
657.208,25.55,79.89,85.0,60.0,82.71,61.18,63.24
657.358,25.42,79.84,85.0,60.0,,61.29,
657.358,25.42,79.84,85.0,60.0,,61.29,
657.358,25.42,79.84,85.0,60.0,,61.29,
657.358,25.42,79.84,85.0,60.0,,61.29,
657.358,25.42,79.84,85.0,60.0,,61.29,
657.509,25.28,79.78,85.0,60.0,,61.44,
657.509,25.28,79.78,85.0,60.0,,61.44,
657.509,25.28,79.78,85.0,60.0,,61.44,
657.509,25.28,79.78,85.0,60.0,,61.44,
657.509,25.28,79.78,85.0,60.0,,61.44,
657.658,25.15,79.73,85.0,60.0,,61.54,
657.658,25.15,79.73,85.0,60.0,,61.54,
657.658,25.15,79.73,85.0,60.0,,61.54,
657.658,25.15,79.73,85.0,60.0,,61.54,
657.658,25.15,79.73,85.0,60.0,,61.54,
657.808,24.99,79.67,85.0,60.0,82.52,61.65,62.25
657.808,24.99,79.67,85.0,60.0,82.52,61.65,62.25
657.808,24.99,79.67,85.0,60.0,82.52,61.65,62.25
657.808,24.99,79.67,85.0,60.0,82.52,61.65,62.25
657.808,24.99,79.67,85.0,60.0,82.52,61.65,62.25
657.808,24.99,79.67,85.0,60.0,82.52,61.65,62.25
657.808,24.99,79.67,85.0,60.0,82.52,61.65,62.25
657.959,24.8,79.62,85.0,60.0,,61.82,
657.959,24.8,79.62,85.0,60.0,,61.82,
657.959,24.8,79.62,85.0,60.0,,61.82,
657.959,24.8,79.62,85.0,60.0,,61.82,
657.959,24.8,79.62,85.0,60.0,,61.82,
658.108,24.69,79.56,85.0,60.0,,61.94,
658.108,24.69,79.56,85.0,60.0,,61.94,
658.108,24.69,79.56,85.0,60.0,,61.94,
658.108,24.69,79.56,85.0,60.0,,61.94,
658.108,24.69,79.56,85.0,60.0,,61.94,
658.258,24.58,79.51,85.0,60.0,,62.05,
658.258,24.58,79.51,85.0,60.0,,62.05,
658.258,24.58,79.51,85.0,60.0,,62.05,
658.258,24.58,79.51,85.0,60.0,,62.05,
658.258,24.58,79.51,85.0,60.0,,62.05,
658.412,24.42,79.45,85.0,60.0,82.51,62.19,61.98
658.412,24.42,79.45,85.0,60.0,82.51,62.19,61.98
658.412,24.42,79.45,85.0,60.0,82.51,62.19,61.98
658.412,24.42,79.45,85.0,60.0,82.51,62.19,61.98
658.412,24.42,79.45,85.0,60.0,82.51,62.19,61.98
658.412,24.42,79.45,85.0,60.0,82.51,62.19,61.98
658.412,24.42,79.45,85.0,60.0,82.51,62.19,61.98
658.558,24.31,79.4,85.0,60.0,,62.29,
658.558,24.31,79.4,85.0,60.0,,62.29,
658.558,24.31,79.4,85.0,60.0,,62.29,
658.558,24.31,79.4,85.0,60.0,,62.29,
658.558,24.31,79.4,85.0,60.0,,62.29,
658.708,24.19,79.35,85.0,60.0,,62.4,
658.708,24.19,79.35,85.0,60.0,,62.4,
658.708,24.19,79.35,85.0,60.0,,62.4,
658.708,24.19,79.35,85.0,60.0,,62.4,
658.708,24.19,79.35,85.0,60.0,,62.4,
658.862,24.05,79.29,85.0,60.0,,62.56,
658.862,24.05,79.29,85.0,60.0,,62.56,
658.862,24.05,79.29,85.0,60.0,,62.56,
658.862,24.05,79.29,85.0,60.0,,62.56,
658.862,24.05,79.29,85.0,60.0,,62.56,
659.008,23.93,79.24,85.0,60.0,82.31,62.66,61.16
659.008,23.93,79.24,85.0,60.0,82.31,62.66,61.16
659.008,23.93,79.24,85.0,60.0,82.31,62.66,61.16
659.008,23.93,79.24,85.0,60.0,82.31,62.66,61.16
659.008,23.93,79.24,85.0,60.0,82.31,62.66,61.16
659.008,23.93,79.24,85.0,60.0,82.31,62.66,61.16
659.008,23.93,79.24,85.0,60.0,82.31,62.66,61.16
659.158,23.83,79.19,85.0,60.0,,62.77,
659.158,23.83,79.19,85.0,60.0,,62.77,
659.158,23.83,79.19,85.0,60.0,,62.77,
659.158,23.83,79.19,85.0,60.0,,62.77,
659.158,23.83,79.19,85.0,60.0,,62.77,
659.313,23.69,79.13,85.0,60.0,,62.91,
659.313,23.69,79.13,85.0,60.0,,62.91,
659.313,23.69,79.13,85.0,60.0,,62.91,
659.313,23.69,79.13,85.0,60.0,,62.91,
659.313,23.69,79.13,85.0,60.0,,62.91,
659.458,23.58,79.08,85.0,60.0,,63.01,
659.458,23.58,79.08,85.0,60.0,,63.01,
659.458,23.58,79.08,85.0,60.0,,63.01,
659.458,23.58,79.08,85.0,60.0,,63.01,
659.458,23.58,79.08,85.0,60.0,,63.01,
659.608,23.47,79.03,85.0,60.0,82.25,63.12,60.74
659.608,23.47,79.03,85.0,60.0,82.25,63.12,60.74
659.608,23.47,79.03,85.0,60.0,82.25,63.12,60.74
659.608,23.47,79.03,85.0,60.0,82.25,63.12,60.74
659.608,23.47,79.03,85.0,60.0,82.25,63.12,60.74
659.608,23.47,79.03,85.0,60.0,82.25,63.12,60.74
659.608,23.47,79.03,85.0,60.0,82.25,63.12,60.74
659.762,23.33,78.97,85.0,60.0,,63.26,
659.762,23.33,78.97,85.0,60.0,,63.26,
659.762,23.33,78.97,85.0,60.0,,63.26,
659.762,23.33,78.97,85.0,60.0,,63.26,
659.762,23.33,78.97,85.0,60.0,,63.26,
659.908,23.23,78.92,85.0,60.0,,63.37,
659.908,23.23,78.92,85.0,60.0,,63.37,
659.908,23.23,78.92,85.0,60.0,,63.37,
659.908,23.23,78.92,85.0,60.0,,63.37,
659.908,23.23,78.92,85.0,60.0,,63.37,
660.058,23.12,78.87,85.0,60.0,,63.47,
660.058,23.12,78.87,85.0,60.0,,63.47,
660.058,23.12,78.87,85.0,60.0,,63.47,
660.058,23.12,78.87,85.0,60.0,,63.47,
660.058,23.12,78.87,85.0,60.0,,63.47,
660.212,23.01,78.81,85.0,60.0,82.03,63.62,59.88
660.212,23.01,78.81,85.0,60.0,82.03,63.62,59.88
660.212,23.01,78.81,85.0,60.0,82.03,63.62,59.88
660.212,23.01,78.81,85.0,60.0,82.03,63.62,59.88
660.212,23.01,78.81,85.0,60.0,82.03,63.62,59.88
660.212,23.01,78.81,85.0,60.0,82.03,63.62,59.88
660.212,23.01,78.81,85.0,60.0,82.03,63.62,59.88
660.358,22.91,78.76,85.0,60.0,,63.72,
660.358,22.91,78.76,85.0,60.0,,63.72,
660.358,22.91,78.76,85.0,60.0,,63.72,
660.358,22.91,78.76,85.0,60.0,,63.72,
660.358,22.91,78.76,85.0,60.0,,63.72,
660.508,22.81,78.71,85.0,60.0,,63.83,
660.508,22.81,78.71,85.0,60.0,,63.83,
660.508,22.81,78.71,85.0,60.0,,63.83,
660.508,22.81,78.71,85.0,60.0,,63.83,
660.508,22.81,78.71,85.0,60.0,,63.83,
660.658,22.71,78.65,85.0,60.0,,63.93,
660.658,22.71,78.65,85.0,60.0,,63.93,
660.658,22.71,78.65,85.0,60.0,,63.93,
660.658,22.71,78.65,85.0,60.0,,63.93,
660.658,22.71,78.65,85.0,60.0,,63.93,
660.809,22.59,78.6,85.0,60.0,81.87,64.07,59.49
660.809,22.59,78.6,85.0,60.0,81.87,64.07,59.49
660.809,22.59,78.6,85.0,60.0,81.87,64.07,59.49
660.809,22.59,78.6,85.0,60.0,81.87,64.07,59.49
660.809,22.59,78.6,85.0,60.0,81.87,64.07,59.49
660.809,22.59,78.6,85.0,60.0,81.87,64.07,59.49
660.809,22.59,78.6,85.0,60.0,81.87,64.07,59.49
660.959,22.49,78.54,85.0,60.0,,64.17,
660.959,22.49,78.54,85.0,60.0,,64.17,
660.959,22.49,78.54,85.0,60.0,,64.17,
660.959,22.49,78.54,85.0,60.0,,64.17,
660.959,22.49,78.54,85.0,60.0,,64.17,
661.109,22.4,78.49,85.0,60.0,,64.27,
661.109,22.4,78.49,85.0,60.0,,64.27,
661.109,22.4,78.49,85.0,60.0,,64.27,
661.109,22.4,78.49,85.0,60.0,,64.27,
661.109,22.4,78.49,85.0,60.0,,64.27,
661.259,22.28,78.44,85.0,60.0,,64.4,
661.259,22.28,78.44,85.0,60.0,,64.4,
661.259,22.28,78.44,85.0,60.0,,64.4,
661.259,22.28,78.44,85.0,60.0,,64.4,
661.259,22.28,78.44,85.0,60.0,,64.4,
661.409,22.21,78.39,85.0,60.0,81.75,64.51,58.82
661.409,22.21,78.39,85.0,60.0,81.75,64.51,58.82
661.409,22.21,78.39,85.0,60.0,81.75,64.51,58.82
661.409,22.21,78.39,85.0,60.0,81.75,64.51,58.82
661.409,22.21,78.39,85.0,60.0,81.75,64.51,58.82
661.409,22.21,78.39,85.0,60.0,81.75,64.51,58.82
661.409,22.21,78.39,85.0,60.0,81.75,64.51,58.82
661.559,22.12,78.33,85.0,60.0,,64.6,
661.559,22.12,78.33,85.0,60.0,,64.6,
661.559,22.12,78.33,85.0,60.0,,64.6,
661.559,22.12,78.33,85.0,60.0,,64.6,
661.559,22.12,78.33,85.0,60.0,,64.6,
661.709,22.01,78.28,85.0,60.0,,64.74,
661.709,22.01,78.28,85.0,60.0,,64.74,
661.709,22.01,78.28,85.0,60.0,,64.74,
661.709,22.01,78.28,85.0,60.0,,64.74,
661.709,22.01,78.28,85.0,60.0,,64.74,
661.859,21.92,78.23,85.0,60.0,,64.84,
661.859,21.92,78.23,85.0,60.0,,64.84,
661.859,21.92,78.23,85.0,60.0,,64.84,
661.859,21.92,78.23,85.0,60.0,,64.84,
661.859,21.92,78.23,85.0,60.0,,64.84,
662.009,21.84,78.17,85.0,60.0,81.67,64.95,58.34
662.009,21.84,78.17,85.0,60.0,81.67,64.95,58.34
662.009,21.84,78.17,85.0,60.0,81.67,64.95,58.34
662.009,21.84,78.17,85.0,60.0,81.67,64.95,58.34
662.009,21.84,78.17,85.0,60.0,81.67,64.95,58.34
662.009,21.84,78.17,85.0,60.0,81.67,64.95,58.34
662.009,21.84,78.17,85.0,60.0,81.67,64.95,58.34
662.16,21.72,78.12,85.0,60.0,,65.08,
662.16,21.72,78.12,85.0,60.0,,65.08,
662.16,21.72,78.12,85.0,60.0,,65.08,
662.16,21.72,78.12,85.0,60.0,,65.08,
662.16,21.72,78.12,85.0,60.0,,65.08,
662.31,21.64,78.07,85.0,60.0,,65.18,
662.31,21.64,78.07,85.0,60.0,,65.18,
662.31,21.64,78.07,85.0,60.0,,65.18,
662.31,21.64,78.07,85.0,60.0,,65.18,
662.31,21.64,78.07,85.0,60.0,,65.18,
662.46,21.56,78.01,85.0,60.0,,65.28,
662.46,21.56,78.01,85.0,60.0,,65.28,
662.46,21.56,78.01,85.0,60.0,,65.28,
662.46,21.56,78.01,85.0,60.0,,65.28,
662.46,21.56,78.01,85.0,60.0,,65.28,
662.61,21.47,77.96,85.0,60.0,,65.4,
662.61,21.47,77.96,85.0,60.0,,65.4,
662.61,21.47,77.96,85.0,60.0,,65.4,
662.61,21.47,77.96,85.0,60.0,,65.4,
662.61,21.47,77.96,85.0,60.0,,65.4,
662.619,,,,,81.45,,57.61
662.619,,,,,81.45,,57.61
662.76,21.39,77.91,85.0,60.0,,65.5,
662.76,21.39,77.91,85.0,60.0,,65.5,
662.76,21.39,77.91,85.0,60.0,,65.5,
662.76,21.39,77.91,85.0,60.0,,65.5,
662.76,21.39,77.91,85.0,60.0,,65.5,
662.91,21.32,77.86,85.0,60.0,,65.59,
662.91,21.32,77.86,85.0,60.0,,65.59,
662.91,21.32,77.86,85.0,60.0,,65.59,
662.91,21.32,77.86,85.0,60.0,,65.59,
662.91,21.32,77.86,85.0,60.0,,65.59,
663.06,21.22,77.8,85.0,60.0,,65.74,
663.06,21.22,77.8,85.0,60.0,,65.74,
663.06,21.22,77.8,85.0,60.0,,65.74,
663.06,21.22,77.8,85.0,60.0,,65.74,
663.06,21.22,77.8,85.0,60.0,,65.74,
663.21,21.14,77.75,85.0,60.0,81.32,65.83,57.27
663.21,21.14,77.75,85.0,60.0,81.32,65.83,57.27
663.21,21.14,77.75,85.0,60.0,81.32,65.83,57.27
663.21,21.14,77.75,85.0,60.0,81.32,65.83,57.27
663.21,21.14,77.75,85.0,60.0,81.32,65.83,57.27
663.21,21.14,77.75,85.0,60.0,81.32,65.83,57.27
663.21,21.14,77.75,85.0,60.0,81.32,65.83,57.27
663.36,21.07,77.7,85.0,60.0,,65.93,
663.36,21.07,77.7,85.0,60.0,,65.93,
663.36,21.07,77.7,85.0,60.0,,65.93,
663.36,21.07,77.7,85.0,60.0,,65.93,
663.36,21.07,77.7,85.0,60.0,,65.93,
663.51,20.98,77.64,85.0,60.0,,66.05,
663.51,20.98,77.64,85.0,60.0,,66.05,
663.51,20.98,77.64,85.0,60.0,,66.05,
663.51,20.98,77.64,85.0,60.0,,66.05,
663.51,20.98,77.64,85.0,60.0,,66.05,
663.66,20.91,77.59,85.0,60.0,,66.14,
663.66,20.91,77.59,85.0,60.0,,66.14,
663.66,20.91,77.59,85.0,60.0,,66.14,
663.66,20.91,77.59,85.0,60.0,,66.14,
663.66,20.91,77.59,85.0,60.0,,66.14,
663.81,20.84,77.54,85.0,60.0,81.24,66.23,56.87
663.81,20.84,77.54,85.0,60.0,81.24,66.23,56.87
663.81,20.84,77.54,85.0,60.0,81.24,66.23,56.87
663.81,20.84,77.54,85.0,60.0,81.24,66.23,56.87
663.81,20.84,77.54,85.0,60.0,81.24,66.23,56.87
663.81,20.84,77.54,85.0,60.0,81.24,66.23,56.87
663.81,20.84,77.54,85.0,60.0,81.24,66.23,56.87
663.96,20.75,77.49,85.0,60.0,,66.35,
663.96,20.75,77.49,85.0,60.0,,66.35,
663.96,20.75,77.49,85.0,60.0,,66.35,
663.96,20.75,77.49,85.0,60.0,,66.35,
663.96,20.75,77.49,85.0,60.0,,66.35,
664.11,20.69,77.44,85.0,60.0,,66.45,
664.11,20.69,77.44,85.0,60.0,,66.45,
664.11,20.69,77.44,85.0,60.0,,66.45,
664.11,20.69,77.44,85.0,60.0,,66.45,
664.11,20.69,77.44,85.0,60.0,,66.45,
664.26,20.63,77.38,85.0,60.0,,66.54,
664.26,20.63,77.38,85.0,60.0,,66.54,
664.26,20.63,77.38,85.0,60.0,,66.54,
664.26,20.63,77.38,85.0,60.0,,66.54,
664.26,20.63,77.38,85.0,60.0,,66.54,
664.41,20.54,77.33,85.0,60.0,81.07,66.67,56.2
664.41,20.54,77.33,85.0,60.0,81.07,66.67,56.2
664.41,20.54,77.33,85.0,60.0,81.07,66.67,56.2
664.41,20.54,77.33,85.0,60.0,81.07,66.67,56.2
664.41,20.54,77.33,85.0,60.0,81.07,66.67,56.2
664.41,20.54,77.33,85.0,60.0,81.07,66.67,56.2
664.41,20.54,77.33,85.0,60.0,81.07,66.67,56.2
664.56,20.48,77.28,85.0,60.0,,66.76,
664.56,20.48,77.28,85.0,60.0,,66.76,
664.56,20.48,77.28,85.0,60.0,,66.76,
664.56,20.48,77.28,85.0,60.0,,66.76,
664.56,20.48,77.28,85.0,60.0,,66.76,
664.71,20.41,77.23,85.0,60.0,,66.85,
664.71,20.41,77.23,85.0,60.0,,66.85,
664.71,20.41,77.23,85.0,60.0,,66.85,
664.71,20.41,77.23,85.0,60.0,,66.85,
664.71,20.41,77.23,85.0,60.0,,66.85,
664.893,20.34,77.17,85.0,60.0,,66.93,
664.893,20.34,77.17,85.0,60.0,,66.93,
664.893,20.34,77.17,85.0,60.0,,66.93,
664.893,20.34,77.17,85.0,60.0,,66.93,
664.893,20.34,77.17,85.0,60.0,,66.93,
665.043,20.25,77.11,85.0,60.0,80.96,67.08,55.88
665.043,20.25,77.11,85.0,60.0,80.96,67.08,55.88
665.043,20.25,77.11,85.0,60.0,80.96,67.08,55.88
665.043,20.25,77.11,85.0,60.0,80.96,67.08,55.88
665.043,20.25,77.11,85.0,60.0,80.96,67.08,55.88
665.043,20.25,77.11,85.0,60.0,80.96,67.08,55.88
665.043,20.25,77.11,85.0,60.0,80.96,67.08,55.88
665.193,20.19,77.06,85.0,60.0,,67.17,
665.193,20.19,77.06,85.0,60.0,,67.17,
665.193,20.19,77.06,85.0,60.0,,67.17,
665.193,20.19,77.06,85.0,60.0,,67.17,
665.193,20.19,77.06,85.0,60.0,,67.17,
665.343,20.12,77.01,85.0,60.0,,67.25,
665.343,20.12,77.01,85.0,60.0,,67.25,
665.343,20.12,77.01,85.0,60.0,,67.25,
665.343,20.12,77.01,85.0,60.0,,67.25,
665.343,20.12,77.01,85.0,60.0,,67.25,
665.493,20.04,76.96,85.0,60.0,,67.38,
665.493,20.04,76.96,85.0,60.0,,67.38,
665.493,20.04,76.96,85.0,60.0,,67.38,
665.493,20.04,76.96,85.0,60.0,,67.38,
665.493,20.04,76.96,85.0,60.0,,67.38,
665.643,19.99,76.91,85.0,60.0,80.74,67.47,55.1
665.643,19.99,76.91,85.0,60.0,80.74,67.47,55.1
665.643,19.99,76.91,85.0,60.0,80.74,67.47,55.1
665.643,19.99,76.91,85.0,60.0,80.74,67.47,55.1
665.643,19.99,76.91,85.0,60.0,80.74,67.47,55.1
665.643,19.99,76.91,85.0,60.0,80.74,67.47,55.1
665.643,19.99,76.91,85.0,60.0,80.74,67.47,55.1
665.793,19.93,76.85,85.0,60.0,,67.57,
665.793,19.93,76.85,85.0,60.0,,67.57,
665.793,19.93,76.85,85.0,60.0,,67.57,
665.793,19.93,76.85,85.0,60.0,,67.57,
665.793,19.93,76.85,85.0,60.0,,67.57,
665.943,19.86,76.8,85.0,60.0,,67.68,
665.943,19.86,76.8,85.0,60.0,,67.68,
665.943,19.86,76.8,85.0,60.0,,67.68,
665.943,19.86,76.8,85.0,60.0,,67.68,
665.943,19.86,76.8,85.0,60.0,,67.68,
666.093,19.81,76.75,85.0,60.0,,67.76,
666.093,19.81,76.75,85.0,60.0,,67.76,
666.093,19.81,76.75,85.0,60.0,,67.76,
666.093,19.81,76.75,85.0,60.0,,67.76,
666.093,19.81,76.75,85.0,60.0,,67.76,
666.243,19.76,76.7,85.0,60.0,80.69,67.85,54.59
666.243,19.76,76.7,85.0,60.0,80.69,67.85,54.59
666.243,19.76,76.7,85.0,60.0,80.69,67.85,54.59
666.243,19.76,76.7,85.0,60.0,80.69,67.85,54.59
666.243,19.76,76.7,85.0,60.0,80.69,67.85,54.59
666.243,19.76,76.7,85.0,60.0,80.69,67.85,54.59
666.243,19.76,76.7,85.0,60.0,80.69,67.85,54.59
666.394,19.69,76.65,85.0,60.0,,67.96,
666.394,19.69,76.65,85.0,60.0,,67.96,
666.394,19.69,76.65,85.0,60.0,,67.96,
666.394,19.69,76.65,85.0,60.0,,67.96,
666.394,19.69,76.65,85.0,60.0,,67.96,
666.544,19.63,76.6,85.0,60.0,,68.03,
666.544,19.63,76.6,85.0,60.0,,68.03,
666.544,19.63,76.6,85.0,60.0,,68.03,
666.544,19.63,76.6,85.0,60.0,,68.03,
666.544,19.63,76.6,85.0,60.0,,68.03,
666.694,19.59,76.55,85.0,60.0,,68.11,
666.694,19.59,76.55,85.0,60.0,,68.11,
666.694,19.59,76.55,85.0,60.0,,68.11,
666.694,19.59,76.55,85.0,60.0,,68.11,
666.694,19.59,76.55,85.0,60.0,,68.11,
666.844,19.52,76.49,85.0,60.0,80.43,68.25,54.18
666.844,19.52,76.49,85.0,60.0,80.43,68.25,54.18
666.844,19.52,76.49,85.0,60.0,80.43,68.25,54.18
666.844,19.52,76.49,85.0,60.0,80.43,68.25,54.18
666.844,19.52,76.49,85.0,60.0,80.43,68.25,54.18
666.844,19.52,76.49,85.0,60.0,80.43,68.25,54.18
666.844,19.52,76.49,85.0,60.0,80.43,68.25,54.18
666.994,19.47,76.44,85.0,60.0,,68.35,
666.994,19.47,76.44,85.0,60.0,,68.35,
666.994,19.47,76.44,85.0,60.0,,68.35,
666.994,19.47,76.44,85.0,60.0,,68.35,
666.994,19.47,76.44,85.0,60.0,,68.35,
667.145,19.43,76.39,85.0,60.0,,68.43,
667.145,19.43,76.39,85.0,60.0,,68.43,
667.145,19.43,76.39,85.0,60.0,,68.43,
667.145,19.43,76.39,85.0,60.0,,68.43,
667.145,19.43,76.39,85.0,60.0,,68.43,
667.294,19.36,76.34,85.0,60.0,,68.53,
667.294,19.36,76.34,85.0,60.0,,68.53,
667.294,19.36,76.34,85.0,60.0,,68.53,
667.294,19.36,76.34,85.0,60.0,,68.53,
667.294,19.36,76.34,85.0,60.0,,68.53,
667.444,19.32,76.29,85.0,60.0,80.34,68.6,53.87
667.444,19.32,76.29,85.0,60.0,80.34,68.6,53.87
667.444,19.32,76.29,85.0,60.0,80.34,68.6,53.87
667.444,19.32,76.29,85.0,60.0,80.34,68.6,53.87
667.444,19.32,76.29,85.0,60.0,80.34,68.6,53.87
667.444,19.32,76.29,85.0,60.0,80.34,68.6,53.87
667.444,19.32,76.29,85.0,60.0,80.34,68.6,53.87
667.594,19.27,76.24,85.0,60.0,,68.69,
667.594,19.27,76.24,85.0,60.0,,68.69,
667.594,19.27,76.24,85.0,60.0,,68.69,
667.594,19.27,76.24,85.0,60.0,,68.69,
667.594,19.27,76.24,85.0,60.0,,68.69,
667.744,19.2,76.19,85.0,60.0,,68.8,
667.744,19.2,76.19,85.0,60.0,,68.8,
667.744,19.2,76.19,85.0,60.0,,68.8,
667.744,19.2,76.19,85.0,60.0,,68.8,
667.744,19.2,76.19,85.0,60.0,,68.8,
667.894,19.16,76.14,85.0,60.0,,68.89,
667.894,19.16,76.14,85.0,60.0,,68.89,
667.894,19.16,76.14,85.0,60.0,,68.89,
667.894,19.16,76.14,85.0,60.0,,68.89,
667.894,19.16,76.14,85.0,60.0,,68.89,
668.044,19.13,76.09,85.0,60.0,80.08,68.97,53.21
668.044,19.13,76.09,85.0,60.0,80.08,68.97,53.21
668.044,19.13,76.09,85.0,60.0,80.08,68.97,53.21
668.044,19.13,76.09,85.0,60.0,80.08,68.97,53.21
668.044,19.13,76.09,85.0,60.0,80.08,68.97,53.21
668.044,19.13,76.09,85.0,60.0,80.08,68.97,53.21
668.044,19.13,76.09,85.0,60.0,80.08,68.97,53.21
668.194,19.08,76.04,85.0,60.0,,69.07,
668.194,19.08,76.04,85.0,60.0,,69.07,
668.194,19.08,76.04,85.0,60.0,,69.07,
668.194,19.08,76.04,85.0,60.0,,69.07,
668.194,19.08,76.04,85.0,60.0,,69.07,
668.344,19.04,75.99,85.0,60.0,,69.16,
668.344,19.04,75.99,85.0,60.0,,69.16,
668.344,19.04,75.99,85.0,60.0,,69.16,
668.344,19.04,75.99,85.0,60.0,,69.16,
668.344,19.04,75.99,85.0,60.0,,69.16,
668.494,19.01,75.94,85.0,60.0,,69.25,
668.494,19.01,75.94,85.0,60.0,,69.25,
668.494,19.01,75.94,85.0,60.0,,69.25,
668.494,19.01,75.94,85.0,60.0,,69.25,
668.494,19.01,75.94,85.0,60.0,,69.25,
668.644,18.95,75.89,85.0,60.0,80.01,69.35,52.92
668.644,18.95,75.89,85.0,60.0,80.01,69.35,52.92
668.644,18.95,75.89,85.0,60.0,80.01,69.35,52.92
668.644,18.95,75.89,85.0,60.0,80.01,69.35,52.92
668.644,18.95,75.89,85.0,60.0,80.01,69.35,52.92
668.644,18.95,75.89,85.0,60.0,80.01,69.35,52.92
668.644,18.95,75.89,85.0,60.0,80.01,69.35,52.92
668.794,18.9,75.84,85.0,60.0,,69.43,
668.794,18.9,75.84,85.0,60.0,,69.43,
668.794,18.9,75.84,85.0,60.0,,69.43,
668.794,18.9,75.84,85.0,60.0,,69.43,
668.794,18.9,75.84,85.0,60.0,,69.43,
668.944,18.87,75.79,85.0,60.0,,69.51,
668.944,18.87,75.79,85.0,60.0,,69.51,
668.944,18.87,75.79,85.0,60.0,,69.51,
668.944,18.87,75.79,85.0,60.0,,69.51,
668.944,18.87,75.79,85.0,60.0,,69.51,
669.094,18.81,75.74,85.0,60.0,,69.61,
669.094,18.81,75.74,85.0,60.0,,69.61,
669.094,18.81,75.74,85.0,60.0,,69.61,
669.094,18.81,75.74,85.0,60.0,,69.61,
669.094,18.81,75.74,85.0,60.0,,69.61,
669.244,18.76,75.69,85.0,60.0,79.8,69.7,52.26
669.244,18.76,75.69,85.0,60.0,79.8,69.7,52.26
669.244,18.76,75.69,85.0,60.0,79.8,69.7,52.26
669.244,18.76,75.69,85.0,60.0,79.8,69.7,52.26
669.244,18.76,75.69,85.0,60.0,79.8,69.7,52.26
669.244,18.76,75.69,85.0,60.0,79.8,69.7,52.26
669.244,18.76,75.69,85.0,60.0,79.8,69.7,52.26
669.394,18.73,75.64,85.0,60.0,,69.78,
669.394,18.73,75.64,85.0,60.0,,69.78,
669.394,18.73,75.64,85.0,60.0,,69.78,
669.394,18.73,75.64,85.0,60.0,,69.78,
669.394,18.73,75.64,85.0,60.0,,69.78,
669.544,18.68,75.59,85.0,60.0,,69.88,
669.544,18.68,75.59,85.0,60.0,,69.88,
669.544,18.68,75.59,85.0,60.0,,69.88,
669.544,18.68,75.59,85.0,60.0,,69.88,
669.544,18.68,75.59,85.0,60.0,,69.88,
669.694,18.65,75.54,85.0,60.0,79.76,69.97,51.74
669.694,18.65,75.54,85.0,60.0,79.76,69.97,51.74
669.694,18.65,75.54,85.0,60.0,79.76,69.97,51.74
669.694,18.65,75.54,85.0,60.0,79.76,69.97,51.74
669.694,18.65,75.54,85.0,60.0,79.76,69.97,51.74
669.694,18.65,75.54,85.0,60.0,79.76,69.97,51.74
669.694,18.65,75.54,85.0,60.0,79.76,69.97,51.74
669.844,18.61,75.49,85.0,60.0,,70.04,
669.844,18.61,75.49,85.0,60.0,,70.04,
669.844,18.61,75.49,85.0,60.0,,70.04,
669.844,18.61,75.49,85.0,60.0,,70.04,
669.844,18.61,75.49,85.0,60.0,,70.04,
669.994,18.56,75.44,85.0,60.0,,70.15,
669.994,18.56,75.44,85.0,60.0,,70.15,
669.994,18.56,75.44,85.0,60.0,,70.15,
669.994,18.56,75.44,85.0,60.0,,70.15,
669.994,18.56,75.44,85.0,60.0,,70.15,
670.144,18.52,75.39,85.0,60.0,,70.23,
670.144,18.52,75.39,85.0,60.0,,70.23,
670.144,18.52,75.39,85.0,60.0,,70.23,
670.144,18.52,75.39,85.0,60.0,,70.23,
670.144,18.52,75.39,85.0,60.0,,70.23,
670.294,18.49,75.34,85.0,60.0,79.5,70.31,51.41
670.294,18.49,75.34,85.0,60.0,79.5,70.31,51.41
670.294,18.49,75.34,85.0,60.0,79.5,70.31,51.41
670.294,18.49,75.34,85.0,60.0,79.5,70.31,51.41
670.294,18.49,75.34,85.0,60.0,79.5,70.31,51.41
670.294,18.49,75.34,85.0,60.0,79.5,70.31,51.41
670.294,18.49,75.34,85.0,60.0,79.5,70.31,51.41
670.444,18.45,75.29,85.0,60.0,,70.41,
670.444,18.45,75.29,85.0,60.0,,70.41,
670.444,18.45,75.29,85.0,60.0,,70.41,
670.444,18.45,75.29,85.0,60.0,,70.41,
670.444,18.45,75.29,85.0,60.0,,70.41,
670.594,18.42,75.24,85.0,60.0,,70.49,
670.594,18.42,75.24,85.0,60.0,,70.49,
670.594,18.42,75.24,85.0,60.0,,70.49,
670.594,18.42,75.24,85.0,60.0,,70.49,
670.594,18.42,75.24,85.0,60.0,,70.49,
670.744,18.39,75.19,85.0,60.0,,70.57,
670.744,18.39,75.19,85.0,60.0,,70.57,
670.744,18.39,75.19,85.0,60.0,,70.57,
670.744,18.39,75.19,85.0,60.0,,70.57,
670.744,18.39,75.19,85.0,60.0,,70.57,
670.894,18.35,75.14,85.0,60.0,79.38,70.66,51.11
670.894,18.35,75.14,85.0,60.0,79.38,70.66,51.11
670.894,18.35,75.14,85.0,60.0,79.38,70.66,51.11
670.894,18.35,75.14,85.0,60.0,79.38,70.66,51.11
670.894,18.35,75.14,85.0,60.0,79.38,70.66,51.11
670.894,18.35,75.14,85.0,60.0,79.38,70.66,51.11
670.894,18.35,75.14,85.0,60.0,79.38,70.66,51.11
671.044,18.33,75.1,85.0,60.0,,70.74,
671.044,18.33,75.1,85.0,60.0,,70.74,
671.044,18.33,75.1,85.0,60.0,,70.74,
671.044,18.33,75.1,85.0,60.0,,70.74,
671.044,18.33,75.1,85.0,60.0,,70.74,
671.194,18.29,75.05,85.0,60.0,,70.81,
671.194,18.29,75.05,85.0,60.0,,70.81,
671.194,18.29,75.05,85.0,60.0,,70.81,
671.194,18.29,75.05,85.0,60.0,,70.81,
671.194,18.29,75.05,85.0,60.0,,70.81,
671.344,18.26,75.0,85.0,60.0,,70.92,
671.344,18.26,75.0,85.0,60.0,,70.92,
671.344,18.26,75.0,85.0,60.0,,70.92,
671.344,18.26,75.0,85.0,60.0,,70.92,
671.344,18.26,75.0,85.0,60.0,,70.92,
671.494,18.23,74.95,85.0,60.0,,70.99,
671.494,18.23,74.95,85.0,60.0,,70.99,
671.494,18.23,74.95,85.0,60.0,,70.99,
671.494,18.23,74.95,85.0,60.0,,70.99,
671.494,18.23,74.95,85.0,60.0,,70.99,
671.547,,,,,79.19,,50.6
671.547,,,,,79.19,,50.6
671.644,18.2,74.9,85.0,60.0,,71.07,
671.644,18.2,74.9,85.0,60.0,,71.07,
671.644,18.2,74.9,85.0,60.0,,71.07,
671.644,18.2,74.9,85.0,60.0,,71.07,
671.644,18.2,74.9,85.0,60.0,,71.07,
671.795,18.17,74.85,85.0,60.0,,71.18,
671.795,18.17,74.85,85.0,60.0,,71.18,
671.795,18.17,74.85,85.0,60.0,,71.18,
671.795,18.17,74.85,85.0,60.0,,71.18,
671.795,18.17,74.85,85.0,60.0,,71.18,
671.944,18.15,74.8,85.0,60.0,,71.24,
671.944,18.15,74.8,85.0,60.0,,71.24,
671.944,18.15,74.8,85.0,60.0,,71.24,
671.944,18.15,74.8,85.0,60.0,,71.24,
671.944,18.15,74.8,85.0,60.0,,71.24,
672.094,18.13,74.76,85.0,60.0,79.04,71.32,50.24
672.094,18.13,74.76,85.0,60.0,79.04,71.32,50.24
672.094,18.13,74.76,85.0,60.0,79.04,71.32,50.24
672.094,18.13,74.76,85.0,60.0,79.04,71.32,50.24
672.094,18.13,74.76,85.0,60.0,79.04,71.32,50.24
672.094,18.13,74.76,85.0,60.0,79.04,71.32,50.24
672.094,18.13,74.76,85.0,60.0,79.04,71.32,50.24
672.245,18.08,74.71,85.0,60.0,,71.42,
672.245,18.08,74.71,85.0,60.0,,71.42,
672.245,18.08,74.71,85.0,60.0,,71.42,
672.245,18.08,74.71,85.0,60.0,,71.42,
672.245,18.08,74.71,85.0,60.0,,71.42,
672.394,18.06,74.66,85.0,60.0,,71.49,
672.394,18.06,74.66,85.0,60.0,,71.49,
672.394,18.06,74.66,85.0,60.0,,71.49,
672.394,18.06,74.66,85.0,60.0,,71.49,
672.394,18.06,74.66,85.0,60.0,,71.49,
672.544,18.03,74.61,85.0,60.0,,71.56,
672.544,18.03,74.61,85.0,60.0,,71.56,
672.544,18.03,74.61,85.0,60.0,,71.56,
672.544,18.03,74.61,85.0,60.0,,71.56,
672.544,18.03,74.61,85.0,60.0,,71.56,
672.696,18.0,74.56,85.0,60.0,78.85,71.66,49.77
672.696,18.0,74.56,85.0,60.0,78.85,71.66,49.77
672.696,18.0,74.56,85.0,60.0,78.85,71.66,49.77
672.696,18.0,74.56,85.0,60.0,78.85,71.66,49.77
672.696,18.0,74.56,85.0,60.0,78.85,71.66,49.77
672.696,18.0,74.56,85.0,60.0,78.85,71.66,49.77
672.696,18.0,74.56,85.0,60.0,78.85,71.66,49.77
672.844,17.98,74.52,85.0,60.0,,71.74,
672.844,17.98,74.52,85.0,60.0,,71.74,
672.844,17.98,74.52,85.0,60.0,,71.74,
672.844,17.98,74.52,85.0,60.0,,71.74,
672.844,17.98,74.52,85.0,60.0,,71.74,
672.994,17.96,74.47,85.0,60.0,,71.82,
672.994,17.96,74.47,85.0,60.0,,71.82,
672.994,17.96,74.47,85.0,60.0,,71.82,
672.994,17.96,74.47,85.0,60.0,,71.82,
672.994,17.96,74.47,85.0,60.0,,71.82,
673.145,17.93,74.42,85.0,60.0,,71.92,
673.145,17.93,74.42,85.0,60.0,,71.92,
673.145,17.93,74.42,85.0,60.0,,71.92,
673.145,17.93,74.42,85.0,60.0,,71.92,
673.145,17.93,74.42,85.0,60.0,,71.92,
673.294,17.91,74.37,85.0,60.0,78.63,72.0,49.42
673.294,17.91,74.37,85.0,60.0,78.63,72.0,49.42
673.294,17.91,74.37,85.0,60.0,78.63,72.0,49.42
673.294,17.91,74.37,85.0,60.0,78.63,72.0,49.42
673.294,17.91,74.37,85.0,60.0,78.63,72.0,49.42
673.294,17.91,74.37,85.0,60.0,78.63,72.0,49.42
673.294,17.91,74.37,85.0,60.0,78.63,72.0,49.42
673.444,17.89,74.33,85.0,60.0,,72.07,
673.444,17.89,74.33,85.0,60.0,,72.07,
673.444,17.89,74.33,85.0,60.0,,72.07,
673.444,17.89,74.33,85.0,60.0,,72.07,
673.444,17.89,74.33,85.0,60.0,,72.07,
673.595,17.85,74.27,85.0,60.0,,72.16,
673.595,17.85,74.27,85.0,60.0,,72.16,
673.595,17.85,74.27,85.0,60.0,,72.16,
673.595,17.85,74.27,85.0,60.0,,72.16,
673.595,17.85,74.27,85.0,60.0,,72.16,
673.744,17.84,74.23,85.0,60.0,,72.23,
673.744,17.84,74.23,85.0,60.0,,72.23,
673.744,17.84,74.23,85.0,60.0,,72.23,
673.744,17.84,74.23,85.0,60.0,,72.23,
673.744,17.84,74.23,85.0,60.0,,72.23,
673.894,17.81,74.18,85.0,60.0,78.42,72.3,48.95
673.894,17.81,74.18,85.0,60.0,78.42,72.3,48.95
673.894,17.81,74.18,85.0,60.0,78.42,72.3,48.95
673.894,17.81,74.18,85.0,60.0,78.42,72.3,48.95
673.894,17.81,74.18,85.0,60.0,78.42,72.3,48.95
673.894,17.81,74.18,85.0,60.0,78.42,72.3,48.95
673.894,17.81,74.18,85.0,60.0,78.42,72.3,48.95
674.047,17.79,74.13,85.0,60.0,,72.4,
674.047,17.79,74.13,85.0,60.0,,72.4,
674.047,17.79,74.13,85.0,60.0,,72.4,
674.047,17.79,74.13,85.0,60.0,,72.4,
674.047,17.79,74.13,85.0,60.0,,72.4,
674.196,17.77,74.09,85.0,60.0,,72.46,
674.196,17.77,74.09,85.0,60.0,,72.46,
674.196,17.77,74.09,85.0,60.0,,72.46,
674.196,17.77,74.09,85.0,60.0,,72.46,
674.196,17.77,74.09,85.0,60.0,,72.46,
674.346,17.74,74.04,85.0,60.0,,72.53,
674.346,17.74,74.04,85.0,60.0,,72.53,
674.346,17.74,74.04,85.0,60.0,,72.53,
674.346,17.74,74.04,85.0,60.0,,72.53,
674.346,17.74,74.04,85.0,60.0,,72.53,
674.497,17.73,73.99,85.0,60.0,78.27,72.63,48.7
674.497,17.73,73.99,85.0,60.0,78.27,72.63,48.7
674.497,17.73,73.99,85.0,60.0,78.27,72.63,48.7
674.497,17.73,73.99,85.0,60.0,78.27,72.63,48.7
674.497,17.73,73.99,85.0,60.0,78.27,72.63,48.7
674.497,17.73,73.99,85.0,60.0,78.27,72.63,48.7
674.497,17.73,73.99,85.0,60.0,78.27,72.63,48.7
674.646,17.71,73.94,85.0,60.0,,72.7,
674.646,17.71,73.94,85.0,60.0,,72.7,
674.646,17.71,73.94,85.0,60.0,,72.7,
674.646,17.71,73.94,85.0,60.0,,72.7,
674.646,17.71,73.94,85.0,60.0,,72.7,
674.796,17.7,73.9,85.0,60.0,,72.77,
674.796,17.7,73.9,85.0,60.0,,72.77,
674.796,17.7,73.9,85.0,60.0,,72.77,
674.796,17.7,73.9,85.0,60.0,,72.77,
674.796,17.7,73.9,85.0,60.0,,72.77,
674.947,17.67,73.85,85.0,60.0,,72.86,
674.947,17.67,73.85,85.0,60.0,,72.86,
674.947,17.67,73.85,85.0,60.0,,72.86,
674.947,17.67,73.85,85.0,60.0,,72.86,
674.947,17.67,73.85,85.0,60.0,,72.86,
675.096,17.65,73.8,85.0,60.0,78.14,72.93,48.22
675.096,17.65,73.8,85.0,60.0,78.14,72.93,48.22
675.096,17.65,73.8,85.0,60.0,78.14,72.93,48.22
675.096,17.65,73.8,85.0,60.0,78.14,72.93,48.22
675.096,17.65,73.8,85.0,60.0,78.14,72.93,48.22
675.096,17.65,73.8,85.0,60.0,78.14,72.93,48.22
675.096,17.65,73.8,85.0,60.0,78.14,72.93,48.22
675.246,17.64,73.76,85.0,60.0,,73.0,
675.246,17.64,73.76,85.0,60.0,,73.0,
675.246,17.64,73.76,85.0,60.0,,73.0,
675.246,17.64,73.76,85.0,60.0,,73.0,
675.246,17.64,73.76,85.0,60.0,,73.0,
675.397,17.62,73.71,85.0,60.0,,73.1,
675.397,17.62,73.71,85.0,60.0,,73.1,
675.397,17.62,73.71,85.0,60.0,,73.1,
675.397,17.62,73.71,85.0,60.0,,73.1,
675.397,17.62,73.71,85.0,60.0,,73.1,
675.546,17.6,73.66,85.0,60.0,,73.17,
675.546,17.6,73.66,85.0,60.0,,73.17,
675.546,17.6,73.66,85.0,60.0,,73.17,
675.546,17.6,73.66,85.0,60.0,,73.17,
675.546,17.6,73.66,85.0,60.0,,73.17,
675.696,17.59,73.62,85.0,60.0,77.94,73.23,47.88
675.696,17.59,73.62,85.0,60.0,77.94,73.23,47.88
675.696,17.59,73.62,85.0,60.0,77.94,73.23,47.88
675.696,17.59,73.62,85.0,60.0,77.94,73.23,47.88
675.696,17.59,73.62,85.0,60.0,77.94,73.23,47.88
675.696,17.59,73.62,85.0,60.0,77.94,73.23,47.88
675.696,17.59,73.62,85.0,60.0,77.94,73.23,47.88
675.847,17.58,73.57,85.0,60.0,,73.32,
675.847,17.58,73.57,85.0,60.0,,73.32,
675.847,17.58,73.57,85.0,60.0,,73.32,
675.847,17.58,73.57,85.0,60.0,,73.32,
675.847,17.58,73.57,85.0,60.0,,73.32,
675.996,17.56,73.52,85.0,60.0,,73.39,
675.996,17.56,73.52,85.0,60.0,,73.39,
675.996,17.56,73.52,85.0,60.0,,73.39,
675.996,17.56,73.52,85.0,60.0,,73.39,
675.996,17.56,73.52,85.0,60.0,,73.39,
676.146,17.55,73.48,85.0,60.0,,73.46,
676.146,17.55,73.48,85.0,60.0,,73.46,
676.146,17.55,73.48,85.0,60.0,,73.46,
676.146,17.55,73.48,85.0,60.0,,73.46,
676.146,17.55,73.48,85.0,60.0,,73.46,
676.297,17.53,73.43,85.0,60.0,77.76,73.55,47.43
676.297,17.53,73.43,85.0,60.0,77.76,73.55,47.43
676.297,17.53,73.43,85.0,60.0,77.76,73.55,47.43
676.297,17.53,73.43,85.0,60.0,77.76,73.55,47.43
676.297,17.53,73.43,85.0,60.0,77.76,73.55,47.43
676.297,17.53,73.43,85.0,60.0,77.76,73.55,47.43
676.297,17.53,73.43,85.0,60.0,77.76,73.55,47.43
676.446,17.52,73.39,85.0,60.0,,73.61,
676.446,17.52,73.39,85.0,60.0,,73.61,
676.446,17.52,73.39,85.0,60.0,,73.61,
676.446,17.52,73.39,85.0,60.0,,73.61,
676.446,17.52,73.39,85.0,60.0,,73.61,
676.596,17.5,73.34,85.0,60.0,,73.68,
676.596,17.5,73.34,85.0,60.0,,73.68,
676.596,17.5,73.34,85.0,60.0,,73.68,
676.596,17.5,73.34,85.0,60.0,,73.68,
676.596,17.5,73.34,85.0,60.0,,73.68,
676.747,17.49,73.29,85.0,60.0,,73.77,
676.747,17.49,73.29,85.0,60.0,,73.77,
676.747,17.49,73.29,85.0,60.0,,73.77,
676.747,17.49,73.29,85.0,60.0,,73.77,
676.747,17.49,73.29,85.0,60.0,,73.77,
676.908,17.48,73.25,85.0,60.0,,73.85,
676.908,17.48,73.25,85.0,60.0,,73.85,
676.908,17.48,73.25,85.0,60.0,,73.85,
676.908,17.48,73.25,85.0,60.0,,73.85,
676.908,17.48,73.25,85.0,60.0,,73.85,
676.96,,,,,77.62,,47.25
676.96,,,,,77.62,,47.25
677.073,17.46,73.19,85.0,60.0,,73.93,
677.073,17.46,73.19,85.0,60.0,,73.93,
677.073,17.46,73.19,85.0,60.0,,73.93,
677.073,17.46,73.19,85.0,60.0,,73.93,
677.073,17.46,73.19,85.0,60.0,,73.93,
677.223,17.46,73.15,85.0,60.0,,73.99,
677.223,17.46,73.15,85.0,60.0,,73.99,
677.223,17.46,73.15,85.0,60.0,,73.99,
677.223,17.46,73.15,85.0,60.0,,73.99,
677.223,17.46,73.15,85.0,60.0,,73.99,
677.374,17.44,73.1,85.0,60.0,,74.08,
677.374,17.44,73.1,85.0,60.0,,74.08,
677.374,17.44,73.1,85.0,60.0,,74.08,
677.374,17.44,73.1,85.0,60.0,,74.08,
677.374,17.44,73.1,85.0,60.0,,74.08,
677.523,17.43,73.06,85.0,60.0,77.41,74.15,46.79
677.523,17.43,73.06,85.0,60.0,77.41,74.15,46.79
677.523,17.43,73.06,85.0,60.0,77.41,74.15,46.79
677.523,17.43,73.06,85.0,60.0,77.41,74.15,46.79
677.523,17.43,73.06,85.0,60.0,77.41,74.15,46.79
677.523,17.43,73.06,85.0,60.0,77.41,74.15,46.79
677.523,17.43,73.06,85.0,60.0,77.41,74.15,46.79
677.673,17.42,73.01,85.0,60.0,,74.21,
677.673,17.42,73.01,85.0,60.0,,74.21,
677.673,17.42,73.01,85.0,60.0,,74.21,
677.673,17.42,73.01,85.0,60.0,,74.21,
677.673,17.42,73.01,85.0,60.0,,74.21,
677.824,17.4,72.96,85.0,60.0,,74.3,
677.824,17.4,72.96,85.0,60.0,,74.3,
677.824,17.4,72.96,85.0,60.0,,74.3,
677.824,17.4,72.96,85.0,60.0,,74.3,
677.824,17.4,72.96,85.0,60.0,,74.3,
677.973,17.39,72.92,85.0,60.0,,74.36,
677.973,17.39,72.92,85.0,60.0,,74.36,
677.973,17.39,72.92,85.0,60.0,,74.36,
677.973,17.39,72.92,85.0,60.0,,74.36,
677.973,17.39,72.92,85.0,60.0,,74.36,
678.123,17.38,72.87,85.0,60.0,77.24,74.42,46.44
678.123,17.38,72.87,85.0,60.0,77.24,74.42,46.44
678.123,17.38,72.87,85.0,60.0,77.24,74.42,46.44
678.123,17.38,72.87,85.0,60.0,77.24,74.42,46.44
678.123,17.38,72.87,85.0,60.0,77.24,74.42,46.44
678.123,17.38,72.87,85.0,60.0,77.24,74.42,46.44
678.123,17.38,72.87,85.0,60.0,77.24,74.42,46.44
678.275,17.37,72.83,85.0,60.0,,74.51,
678.275,17.37,72.83,85.0,60.0,,74.51,
678.275,17.37,72.83,85.0,60.0,,74.51,
678.275,17.37,72.83,85.0,60.0,,74.51,
678.275,17.37,72.83,85.0,60.0,,74.51,
678.423,17.36,72.78,85.0,60.0,,74.57,
678.423,17.36,72.78,85.0,60.0,,74.57,
678.423,17.36,72.78,85.0,60.0,,74.57,
678.423,17.36,72.78,85.0,60.0,,74.57,
678.423,17.36,72.78,85.0,60.0,,74.57,
678.573,17.35,72.74,85.0,60.0,,74.63,
678.573,17.35,72.74,85.0,60.0,,74.63,
678.573,17.35,72.74,85.0,60.0,,74.63,
678.573,17.35,72.74,85.0,60.0,,74.63,
678.573,17.35,72.74,85.0,60.0,,74.63,
678.724,17.35,72.69,85.0,60.0,77.03,74.72,46.05
678.724,17.35,72.69,85.0,60.0,77.03,74.72,46.05
678.724,17.35,72.69,85.0,60.0,77.03,74.72,46.05
678.724,17.35,72.69,85.0,60.0,77.03,74.72,46.05
678.724,17.35,72.69,85.0,60.0,77.03,74.72,46.05
678.724,17.35,72.69,85.0,60.0,77.03,74.72,46.05
678.724,17.35,72.69,85.0,60.0,77.03,74.72,46.05
678.873,17.34,72.65,85.0,60.0,,74.78,
678.873,17.34,72.65,85.0,60.0,,74.78,
678.873,17.34,72.65,85.0,60.0,,74.78,
678.873,17.34,72.65,85.0,60.0,,74.78,
678.873,17.34,72.65,85.0,60.0,,74.78,
679.023,17.33,72.6,85.0,60.0,,74.85,
679.023,17.33,72.6,85.0,60.0,,74.85,
679.023,17.33,72.6,85.0,60.0,,74.85,
679.023,17.33,72.6,85.0,60.0,,74.85,
679.023,17.33,72.6,85.0,60.0,,74.85,
679.174,17.32,72.56,85.0,60.0,,74.94,
679.174,17.32,72.56,85.0,60.0,,74.94,
679.174,17.32,72.56,85.0,60.0,,74.94,
679.174,17.32,72.56,85.0,60.0,,74.94,
679.174,17.32,72.56,85.0,60.0,,74.94,
679.323,17.31,72.51,85.0,60.0,,75.0,
679.323,17.31,72.51,85.0,60.0,,75.0,
679.323,17.31,72.51,85.0,60.0,,75.0,
679.323,17.31,72.51,85.0,60.0,,75.0,
679.323,17.31,72.51,85.0,60.0,,75.0,
679.374,,,,,76.99,,45.86
679.374,,,,,76.99,,45.86
679.473,17.31,72.47,85.0,60.0,,75.06,
679.473,17.31,72.47,85.0,60.0,,75.06,
679.473,17.31,72.47,85.0,60.0,,75.06,
679.473,17.31,72.47,85.0,60.0,,75.06,
679.473,17.31,72.47,85.0,60.0,,75.06,
679.625,17.3,72.42,85.0,60.0,,75.14,
679.625,17.3,72.42,85.0,60.0,,75.14,
679.625,17.3,72.42,85.0,60.0,,75.14,
679.625,17.3,72.42,85.0,60.0,,75.14,
679.625,17.3,72.42,85.0,60.0,,75.14,
679.774,17.29,72.38,85.0,60.0,,75.2,
679.774,17.29,72.38,85.0,60.0,,75.2,
679.774,17.29,72.38,85.0,60.0,,75.2,
679.774,17.29,72.38,85.0,60.0,,75.2,
679.774,17.29,72.38,85.0,60.0,,75.2,
679.924,17.28,72.33,85.0,60.0,76.72,75.26,45.45
679.924,17.28,72.33,85.0,60.0,76.72,75.26,45.45
679.924,17.28,72.33,85.0,60.0,76.72,75.26,45.45
679.924,17.28,72.33,85.0,60.0,76.72,75.26,45.45
679.924,17.28,72.33,85.0,60.0,76.72,75.26,45.45
679.924,17.28,72.33,85.0,60.0,76.72,75.26,45.45
679.924,17.28,72.33,85.0,60.0,76.72,75.26,45.45
680.079,17.29,72.29,85.0,60.0,,75.32,
680.079,17.29,72.29,85.0,60.0,,75.32,
680.079,17.29,72.29,85.0,60.0,,75.32,
680.079,17.29,72.29,85.0,60.0,,75.32,
680.079,17.29,72.29,85.0,60.0,,75.32,
680.225,17.28,72.25,85.0,60.0,,75.4,
680.225,17.28,72.25,85.0,60.0,,75.4,
680.225,17.28,72.25,85.0,60.0,,75.4,
680.225,17.28,72.25,85.0,60.0,,75.4,
680.225,17.28,72.25,85.0,60.0,,75.4,
680.375,17.27,72.2,85.0,60.0,,75.47,
680.375,17.27,72.2,85.0,60.0,,75.47,
680.375,17.27,72.2,85.0,60.0,,75.47,
680.375,17.27,72.2,85.0,60.0,,75.47,
680.375,17.27,72.2,85.0,60.0,,75.47,
680.53,17.27,72.16,85.0,60.0,76.54,75.53,45.23
680.53,17.27,72.16,85.0,60.0,76.54,75.53,45.23
680.53,17.27,72.16,85.0,60.0,76.54,75.53,45.23
680.53,17.27,72.16,85.0,60.0,76.54,75.53,45.23
680.53,17.27,72.16,85.0,60.0,76.54,75.53,45.23
680.53,17.27,72.16,85.0,60.0,76.54,75.53,45.23
680.53,17.27,72.16,85.0,60.0,76.54,75.53,45.23
680.675,17.26,72.11,85.0,60.0,,75.6,
680.675,17.26,72.11,85.0,60.0,,75.6,
680.675,17.26,72.11,85.0,60.0,,75.6,
680.675,17.26,72.11,85.0,60.0,,75.6,
680.675,17.26,72.11,85.0,60.0,,75.6,
680.825,17.26,72.07,85.0,60.0,,75.65,
680.825,17.26,72.07,85.0,60.0,,75.65,
680.825,17.26,72.07,85.0,60.0,,75.65,
680.825,17.26,72.07,85.0,60.0,,75.65,
680.825,17.26,72.07,85.0,60.0,,75.65,
680.98,17.26,72.03,85.0,60.0,,75.72,
680.98,17.26,72.03,85.0,60.0,,75.72,
680.98,17.26,72.03,85.0,60.0,,75.72,
680.98,17.26,72.03,85.0,60.0,,75.72,
680.98,17.26,72.03,85.0,60.0,,75.72,
681.125,17.25,71.98,85.0,60.0,76.33,75.81,44.8
681.125,17.25,71.98,85.0,60.0,76.33,75.81,44.8
681.125,17.25,71.98,85.0,60.0,76.33,75.81,44.8
681.125,17.25,71.98,85.0,60.0,76.33,75.81,44.8
681.125,17.25,71.98,85.0,60.0,76.33,75.81,44.8
681.125,17.25,71.98,85.0,60.0,76.33,75.81,44.8
681.125,17.25,71.98,85.0,60.0,76.33,75.81,44.8
681.275,17.24,71.94,85.0,60.0,,75.87,
681.275,17.24,71.94,85.0,60.0,,75.87,
681.275,17.24,71.94,85.0,60.0,,75.87,
681.275,17.24,71.94,85.0,60.0,,75.87,
681.275,17.24,71.94,85.0,60.0,,75.87,
681.43,17.25,71.89,85.0,60.0,,75.94,
681.43,17.25,71.89,85.0,60.0,,75.94,
681.43,17.25,71.89,85.0,60.0,,75.94,
681.43,17.25,71.89,85.0,60.0,,75.94,
681.43,17.25,71.89,85.0,60.0,,75.94,
681.575,17.24,71.85,85.0,60.0,,76.02,
681.575,17.24,71.85,85.0,60.0,,76.02,
681.575,17.24,71.85,85.0,60.0,,76.02,
681.575,17.24,71.85,85.0,60.0,,76.02,
681.575,17.24,71.85,85.0,60.0,,76.02,
681.725,17.24,71.81,85.0,60.0,76.2,76.08,44.61
681.725,17.24,71.81,85.0,60.0,76.2,76.08,44.61
681.725,17.24,71.81,85.0,60.0,76.2,76.08,44.61
681.725,17.24,71.81,85.0,60.0,76.2,76.08,44.61
681.725,17.24,71.81,85.0,60.0,76.2,76.08,44.61
681.725,17.24,71.81,85.0,60.0,76.2,76.08,44.61
681.725,17.24,71.81,85.0,60.0,76.2,76.08,44.61
681.88,17.23,71.76,85.0,60.0,,76.13,
681.88,17.23,71.76,85.0,60.0,,76.13,
681.88,17.23,71.76,85.0,60.0,,76.13,
681.88,17.23,71.76,85.0,60.0,,76.13,
681.88,17.23,71.76,85.0,60.0,,76.13,
682.025,17.24,71.72,85.0,60.0,,76.22,
682.025,17.24,71.72,85.0,60.0,,76.22,
682.025,17.24,71.72,85.0,60.0,,76.22,
682.025,17.24,71.72,85.0,60.0,,76.22,
682.025,17.24,71.72,85.0,60.0,,76.22,
682.175,17.24,71.68,85.0,60.0,,76.27,
682.175,17.24,71.68,85.0,60.0,,76.27,
682.175,17.24,71.68,85.0,60.0,,76.27,
682.175,17.24,71.68,85.0,60.0,,76.27,
682.175,17.24,71.68,85.0,60.0,,76.27,
682.33,17.23,71.63,85.0,60.0,75.95,76.33,44.26
682.33,17.23,71.63,85.0,60.0,75.95,76.33,44.26
682.33,17.23,71.63,85.0,60.0,75.95,76.33,44.26
682.33,17.23,71.63,85.0,60.0,75.95,76.33,44.26
682.33,17.23,71.63,85.0,60.0,75.95,76.33,44.26
682.33,17.23,71.63,85.0,60.0,75.95,76.33,44.26
682.33,17.23,71.63,85.0,60.0,75.95,76.33,44.26
682.475,17.23,71.59,85.0,60.0,,76.4,
682.475,17.23,71.59,85.0,60.0,,76.4,
682.475,17.23,71.59,85.0,60.0,,76.4,
682.475,17.23,71.59,85.0,60.0,,76.4,
682.475,17.23,71.59,85.0,60.0,,76.4,
682.625,17.23,71.55,85.0,60.0,,76.45,
682.625,17.23,71.55,85.0,60.0,,76.45,
682.625,17.23,71.55,85.0,60.0,,76.45,
682.625,17.23,71.55,85.0,60.0,,76.45,
682.625,17.23,71.55,85.0,60.0,,76.45,
682.78,17.23,71.5,85.0,60.0,,76.51,
682.78,17.23,71.5,85.0,60.0,,76.51,
682.78,17.23,71.5,85.0,60.0,,76.51,
682.78,17.23,71.5,85.0,60.0,,76.51,
682.78,17.23,71.5,85.0,60.0,,76.51,
682.93,17.22,71.46,85.0,60.0,75.87,76.59,44.13
682.93,17.22,71.46,85.0,60.0,75.87,76.59,44.13
682.93,17.22,71.46,85.0,60.0,75.87,76.59,44.13
682.93,17.22,71.46,85.0,60.0,75.87,76.59,44.13
682.93,17.22,71.46,85.0,60.0,75.87,76.59,44.13
682.93,17.22,71.46,85.0,60.0,75.87,76.59,44.13
682.93,17.22,71.46,85.0,60.0,75.87,76.59,44.13
683.075,17.22,71.42,85.0,60.0,,76.65,
683.075,17.22,71.42,85.0,60.0,,76.65,
683.075,17.22,71.42,85.0,60.0,,76.65,
683.075,17.22,71.42,85.0,60.0,,76.65,
683.075,17.22,71.42,85.0,60.0,,76.65,
683.225,17.23,71.37,85.0,60.0,,76.71,
683.225,17.23,71.37,85.0,60.0,,76.71,
683.225,17.23,71.37,85.0,60.0,,76.71,
683.225,17.23,71.37,85.0,60.0,,76.71,
683.225,17.23,71.37,85.0,60.0,,76.71,
683.377,17.23,71.33,85.0,60.0,,76.79,
683.377,17.23,71.33,85.0,60.0,,76.79,
683.377,17.23,71.33,85.0,60.0,,76.79,
683.377,17.23,71.33,85.0,60.0,,76.79,
683.377,17.23,71.33,85.0,60.0,,76.79,
683.527,17.22,71.29,85.0,60.0,75.65,76.85,43.67
683.527,17.22,71.29,85.0,60.0,75.65,76.85,43.67
683.527,17.22,71.29,85.0,60.0,75.65,76.85,43.67
683.527,17.22,71.29,85.0,60.0,75.65,76.85,43.67
683.527,17.22,71.29,85.0,60.0,75.65,76.85,43.67
683.527,17.22,71.29,85.0,60.0,75.65,76.85,43.67
683.527,17.22,71.29,85.0,60.0,75.65,76.85,43.67
683.682,17.22,71.24,85.0,60.0,,76.91,
683.682,17.22,71.24,85.0,60.0,,76.91,
683.682,17.22,71.24,85.0,60.0,,76.91,
683.682,17.22,71.24,85.0,60.0,,76.91,
683.682,17.22,71.24,85.0,60.0,,76.91,
683.827,17.22,71.2,85.0,60.0,,76.98,
683.827,17.22,71.2,85.0,60.0,,76.98,
683.827,17.22,71.2,85.0,60.0,,76.98,
683.827,17.22,71.2,85.0,60.0,,76.98,
683.827,17.22,71.2,85.0,60.0,,76.98,
683.977,17.23,71.16,85.0,60.0,,77.05,
683.977,17.23,71.16,85.0,60.0,,77.05,
683.977,17.23,71.16,85.0,60.0,,77.05,
683.977,17.23,71.16,85.0,60.0,,77.05,
683.977,17.23,71.16,85.0,60.0,,77.05,
684.127,17.24,71.12,85.0,60.0,75.4,77.1,43.48
684.127,17.24,71.12,85.0,60.0,75.4,77.1,43.48
684.127,17.24,71.12,85.0,60.0,75.4,77.1,43.48
684.127,17.24,71.12,85.0,60.0,75.4,77.1,43.48
684.127,17.24,71.12,85.0,60.0,75.4,77.1,43.48
684.127,17.24,71.12,85.0,60.0,75.4,77.1,43.48
684.127,17.24,71.12,85.0,60.0,75.4,77.1,43.48
684.279,17.23,71.07,85.0,60.0,,77.17,
684.279,17.23,71.07,85.0,60.0,,77.17,
684.279,17.23,71.07,85.0,60.0,,77.17,
684.279,17.23,71.07,85.0,60.0,,77.17,
684.279,17.23,71.07,85.0,60.0,,77.17,
684.429,17.24,71.03,85.0,60.0,,77.23,
684.429,17.24,71.03,85.0,60.0,,77.23,
684.429,17.24,71.03,85.0,60.0,,77.23,
684.429,17.24,71.03,85.0,60.0,,77.23,
684.429,17.24,71.03,85.0,60.0,,77.23,
684.584,17.23,70.99,85.0,60.0,,77.29,
684.584,17.23,70.99,85.0,60.0,,77.29,
684.584,17.23,70.99,85.0,60.0,,77.29,
684.584,17.23,70.99,85.0,60.0,,77.29,
684.584,17.23,70.99,85.0,60.0,,77.29,
684.729,17.24,70.95,85.0,60.0,75.21,77.36,43.08
684.729,17.24,70.95,85.0,60.0,75.21,77.36,43.08
684.729,17.24,70.95,85.0,60.0,75.21,77.36,43.08
684.729,17.24,70.95,85.0,60.0,75.21,77.36,43.08
684.729,17.24,70.95,85.0,60.0,75.21,77.36,43.08
684.729,17.24,70.95,85.0,60.0,75.21,77.36,43.08
684.729,17.24,70.95,85.0,60.0,75.21,77.36,43.08
684.879,17.24,70.9,85.0,60.0,,77.42,
684.879,17.24,70.9,85.0,60.0,,77.42,
684.879,17.24,70.9,85.0,60.0,,77.42,
684.879,17.24,70.9,85.0,60.0,,77.42,
684.879,17.24,70.9,85.0,60.0,,77.42,
685.029,17.24,70.86,85.0,60.0,,77.47,
685.029,17.24,70.86,85.0,60.0,,77.47,
685.029,17.24,70.86,85.0,60.0,,77.47,
685.029,17.24,70.86,85.0,60.0,,77.47,
685.029,17.24,70.86,85.0,60.0,,77.47,
685.181,17.25,70.82,85.0,60.0,,77.54,
685.181,17.25,70.82,85.0,60.0,,77.54,
685.181,17.25,70.82,85.0,60.0,,77.54,
685.181,17.25,70.82,85.0,60.0,,77.54,
685.181,17.25,70.82,85.0,60.0,,77.54,
685.331,17.25,70.77,85.0,60.0,74.99,77.6,42.91
685.331,17.25,70.77,85.0,60.0,74.99,77.6,42.91
685.331,17.25,70.77,85.0,60.0,74.99,77.6,42.91
685.331,17.25,70.77,85.0,60.0,74.99,77.6,42.91
685.331,17.25,70.77,85.0,60.0,74.99,77.6,42.91
685.331,17.25,70.77,85.0,60.0,74.99,77.6,42.91
685.331,17.25,70.77,85.0,60.0,74.99,77.6,42.91
685.486,17.25,70.73,85.0,60.0,,77.65,
685.486,17.25,70.73,85.0,60.0,,77.65,
685.486,17.25,70.73,85.0,60.0,,77.65,
685.486,17.25,70.73,85.0,60.0,,77.65,
685.486,17.25,70.73,85.0,60.0,,77.65,
685.631,17.26,70.69,85.0,60.0,,77.72,
685.631,17.26,70.69,85.0,60.0,,77.72,
685.631,17.26,70.69,85.0,60.0,,77.72,
685.631,17.26,70.69,85.0,60.0,,77.72,
685.631,17.26,70.69,85.0,60.0,,77.72,
685.781,17.27,70.65,85.0,60.0,,77.77,
685.781,17.27,70.65,85.0,60.0,,77.77,
685.781,17.27,70.65,85.0,60.0,,77.77,
685.781,17.27,70.65,85.0,60.0,,77.77,
685.781,17.27,70.65,85.0,60.0,,77.77,
685.936,17.27,70.61,85.0,60.0,74.79,77.83,42.62
685.936,17.27,70.61,85.0,60.0,74.79,77.83,42.62
685.936,17.27,70.61,85.0,60.0,74.79,77.83,42.62
685.936,17.27,70.61,85.0,60.0,74.79,77.83,42.62
685.936,17.27,70.61,85.0,60.0,74.79,77.83,42.62
685.936,17.27,70.61,85.0,60.0,74.79,77.83,42.62
685.936,17.27,70.61,85.0,60.0,74.79,77.83,42.62
686.084,17.27,70.56,85.0,60.0,,77.91,
686.084,17.27,70.56,85.0,60.0,,77.91,
686.084,17.27,70.56,85.0,60.0,,77.91,
686.084,17.27,70.56,85.0,60.0,,77.91,
686.084,17.27,70.56,85.0,60.0,,77.91,
686.234,17.28,70.52,85.0,60.0,,77.97,
686.234,17.28,70.52,85.0,60.0,,77.97,
686.234,17.28,70.52,85.0,60.0,,77.97,
686.234,17.28,70.52,85.0,60.0,,77.97,
686.234,17.28,70.52,85.0,60.0,,77.97,
686.384,17.28,70.48,85.0,60.0,,78.02,
686.384,17.28,70.48,85.0,60.0,,78.02,
686.384,17.28,70.48,85.0,60.0,,78.02,
686.384,17.28,70.48,85.0,60.0,,78.02,
686.384,17.28,70.48,85.0,60.0,,78.02,
686.536,17.27,70.43,85.0,60.0,74.64,78.1,42.38
686.536,17.27,70.43,85.0,60.0,74.64,78.1,42.38
686.536,17.27,70.43,85.0,60.0,74.64,78.1,42.38
686.536,17.27,70.43,85.0,60.0,74.64,78.1,42.38
686.536,17.27,70.43,85.0,60.0,74.64,78.1,42.38
686.536,17.27,70.43,85.0,60.0,74.64,78.1,42.38
686.536,17.27,70.43,85.0,60.0,74.64,78.1,42.38
686.686,17.28,70.39,85.0,60.0,,78.15,
686.686,17.28,70.39,85.0,60.0,,78.15,
686.686,17.28,70.39,85.0,60.0,,78.15,
686.686,17.28,70.39,85.0,60.0,,78.15,
686.686,17.28,70.39,85.0,60.0,,78.15,
686.836,17.29,70.35,85.0,60.0,,78.21,
686.836,17.29,70.35,85.0,60.0,,78.21,
686.836,17.29,70.35,85.0,60.0,,78.21,
686.836,17.29,70.35,85.0,60.0,,78.21,
686.836,17.29,70.35,85.0,60.0,,78.21,
686.986,17.3,70.31,85.0,60.0,74.45,78.27,42.14
686.986,17.3,70.31,85.0,60.0,74.45,78.27,42.14
686.986,17.3,70.31,85.0,60.0,74.45,78.27,42.14
686.986,17.3,70.31,85.0,60.0,74.45,78.27,42.14
686.986,17.3,70.31,85.0,60.0,74.45,78.27,42.14
686.986,17.3,70.31,85.0,60.0,74.45,78.27,42.14
686.986,17.3,70.31,85.0,60.0,74.45,78.27,42.14
687.136,17.31,70.27,85.0,60.0,,78.33,
687.136,17.31,70.27,85.0,60.0,,78.33,
687.136,17.31,70.27,85.0,60.0,,78.33,
687.136,17.31,70.27,85.0,60.0,,78.33,
687.136,17.31,70.27,85.0,60.0,,78.33,
687.286,17.31,70.22,85.0,60.0,,78.38,
687.286,17.31,70.22,85.0,60.0,,78.38,
687.286,17.31,70.22,85.0,60.0,,78.38,
687.286,17.31,70.22,85.0,60.0,,78.38,
687.286,17.31,70.22,85.0,60.0,,78.38,
687.436,17.31,70.18,85.0,60.0,,78.44,
687.436,17.31,70.18,85.0,60.0,,78.44,
687.436,17.31,70.18,85.0,60.0,,78.44,
687.436,17.31,70.18,85.0,60.0,,78.44,
687.436,17.31,70.18,85.0,60.0,,78.44,
687.586,17.32,70.14,85.0,60.0,74.27,78.5,41.95
687.586,17.32,70.14,85.0,60.0,74.27,78.5,41.95
687.586,17.32,70.14,85.0,60.0,74.27,78.5,41.95
687.586,17.32,70.14,85.0,60.0,74.27,78.5,41.95
687.586,17.32,70.14,85.0,60.0,74.27,78.5,41.95
687.586,17.32,70.14,85.0,60.0,74.27,78.5,41.95
687.586,17.32,70.14,85.0,60.0,74.27,78.5,41.95
687.736,17.33,70.1,85.0,60.0,,78.55,
687.736,17.33,70.1,85.0,60.0,,78.55,
687.736,17.33,70.1,85.0,60.0,,78.55,
687.736,17.33,70.1,85.0,60.0,,78.55,
687.736,17.33,70.1,85.0,60.0,,78.55,
687.886,17.33,70.06,85.0,60.0,,78.62,
687.886,17.33,70.06,85.0,60.0,,78.62,
687.886,17.33,70.06,85.0,60.0,,78.62,
687.886,17.33,70.06,85.0,60.0,,78.62,
687.886,17.33,70.06,85.0,60.0,,78.62,
688.036,17.33,70.02,85.0,60.0,,78.68,
688.036,17.33,70.02,85.0,60.0,,78.68,
688.036,17.33,70.02,85.0,60.0,,78.68,
688.036,17.33,70.02,85.0,60.0,,78.68,
688.036,17.33,70.02,85.0,60.0,,78.68,
688.186,17.34,69.97,85.0,60.0,,78.73,
688.186,17.34,69.97,85.0,60.0,,78.73,
688.186,17.34,69.97,85.0,60.0,,78.73,
688.186,17.34,69.97,85.0,60.0,,78.73,
688.186,17.34,69.97,85.0,60.0,,78.73,
688.263,,,,,73.99,,41.62
688.263,,,,,73.99,,41.62
688.336,17.35,69.93,85.0,60.0,,78.79,
688.336,17.35,69.93,85.0,60.0,,78.79,
688.336,17.35,69.93,85.0,60.0,,78.79,
688.336,17.35,69.93,85.0,60.0,,78.79,
688.336,17.35,69.93,85.0,60.0,,78.79,
688.486,17.36,69.89,85.0,60.0,,78.84,
688.486,17.36,69.89,85.0,60.0,,78.84,
688.486,17.36,69.89,85.0,60.0,,78.84,
688.486,17.36,69.89,85.0,60.0,,78.84,
688.486,17.36,69.89,85.0,60.0,,78.84,
688.636,17.36,69.85,85.0,60.0,,78.89,
688.636,17.36,69.85,85.0,60.0,,78.89,
688.636,17.36,69.85,85.0,60.0,,78.89,
688.636,17.36,69.85,85.0,60.0,,78.89,
688.636,17.36,69.85,85.0,60.0,,78.89,
688.786,17.37,69.81,85.0,60.0,73.9,78.97,41.48
688.786,17.37,69.81,85.0,60.0,73.9,78.97,41.48
688.786,17.37,69.81,85.0,60.0,73.9,78.97,41.48
688.786,17.37,69.81,85.0,60.0,73.9,78.97,41.48
688.786,17.37,69.81,85.0,60.0,73.9,78.97,41.48
688.786,17.37,69.81,85.0,60.0,73.9,78.97,41.48
688.786,17.37,69.81,85.0,60.0,73.9,78.97,41.48
688.936,17.38,69.77,85.0,60.0,,79.01,
688.936,17.38,69.77,85.0,60.0,,79.01,
688.936,17.38,69.77,85.0,60.0,,79.01,
688.936,17.38,69.77,85.0,60.0,,79.01,
688.936,17.38,69.77,85.0,60.0,,79.01,
689.086,17.39,69.72,85.0,60.0,,79.06,
689.086,17.39,69.72,85.0,60.0,,79.06,
689.086,17.39,69.72,85.0,60.0,,79.06,
689.086,17.39,69.72,85.0,60.0,,79.06,
689.086,17.39,69.72,85.0,60.0,,79.06,
689.238,17.4,69.68,85.0,60.0,,79.15,
689.238,17.4,69.68,85.0,60.0,,79.15,
689.238,17.4,69.68,85.0,60.0,,79.15,
689.238,17.4,69.68,85.0,60.0,,79.15,
689.238,17.4,69.68,85.0,60.0,,79.15,
689.387,17.4,69.64,85.0,60.0,,79.21,
689.387,17.4,69.64,85.0,60.0,,79.21,
689.387,17.4,69.64,85.0,60.0,,79.21,
689.387,17.4,69.64,85.0,60.0,,79.21,
689.387,17.4,69.64,85.0,60.0,,79.21,
689.408,,,,,73.64,,41.17
689.408,,,,,73.64,,41.17
689.537,17.41,69.6,85.0,60.0,,79.25,
689.537,17.41,69.6,85.0,60.0,,79.25,
689.537,17.41,69.6,85.0,60.0,,79.25,
689.537,17.41,69.6,85.0,60.0,,79.25,
689.537,17.41,69.6,85.0,60.0,,79.25,
689.688,17.42,69.56,85.0,60.0,,79.33,
689.688,17.42,69.56,85.0,60.0,,79.33,
689.688,17.42,69.56,85.0,60.0,,79.33,
689.688,17.42,69.56,85.0,60.0,,79.33,
689.688,17.42,69.56,85.0,60.0,,79.33,
689.837,17.43,69.52,85.0,60.0,,79.37,
689.837,17.43,69.52,85.0,60.0,,79.37,
689.837,17.43,69.52,85.0,60.0,,79.37,
689.837,17.43,69.52,85.0,60.0,,79.37,
689.837,17.43,69.52,85.0,60.0,,79.37,
689.987,17.43,69.47,85.0,60.0,73.49,79.42,40.97
689.987,17.43,69.47,85.0,60.0,73.49,79.42,40.97
689.987,17.43,69.47,85.0,60.0,73.49,79.42,40.97
689.987,17.43,69.47,85.0,60.0,73.49,79.42,40.97
689.987,17.43,69.47,85.0,60.0,73.49,79.42,40.97
689.987,17.43,69.47,85.0,60.0,73.49,79.42,40.97
689.987,17.43,69.47,85.0,60.0,73.49,79.42,40.97
690.138,17.44,69.43,85.0,60.0,,79.48,
690.138,17.44,69.43,85.0,60.0,,79.48,
690.138,17.44,69.43,85.0,60.0,,79.48,
690.138,17.44,69.43,85.0,60.0,,79.48,
690.138,17.44,69.43,85.0,60.0,,79.48,
690.287,17.45,69.39,85.0,60.0,,79.53,
690.287,17.45,69.39,85.0,60.0,,79.53,
690.287,17.45,69.39,85.0,60.0,,79.53,
690.287,17.45,69.39,85.0,60.0,,79.53,
690.287,17.45,69.39,85.0,60.0,,79.53,
690.437,17.45,69.35,85.0,60.0,,79.58,
690.437,17.45,69.35,85.0,60.0,,79.58,
690.437,17.45,69.35,85.0,60.0,,79.58,
690.437,17.45,69.35,85.0,60.0,,79.58,
690.437,17.45,69.35,85.0,60.0,,79.58,
690.588,17.47,69.31,85.0,60.0,73.18,79.65,40.71
690.588,17.47,69.31,85.0,60.0,73.18,79.65,40.71
690.588,17.47,69.31,85.0,60.0,73.18,79.65,40.71
690.588,17.47,69.31,85.0,60.0,73.18,79.65,40.71
690.588,17.47,69.31,85.0,60.0,73.18,79.65,40.71
690.588,17.47,69.31,85.0,60.0,73.18,79.65,40.71
690.588,17.47,69.31,85.0,60.0,73.18,79.65,40.71
690.737,17.47,69.27,85.0,60.0,,79.69,
690.737,17.47,69.27,85.0,60.0,,79.69,
690.737,17.47,69.27,85.0,60.0,,79.69,
690.737,17.47,69.27,85.0,60.0,,79.69,
690.737,17.47,69.27,85.0,60.0,,79.69,
690.887,17.48,69.23,85.0,60.0,,79.75,
690.887,17.48,69.23,85.0,60.0,,79.75,
690.887,17.48,69.23,85.0,60.0,,79.75,
690.887,17.48,69.23,85.0,60.0,,79.75,
690.887,17.48,69.23,85.0,60.0,,79.75,
691.038,17.5,69.19,85.0,60.0,,79.81,
691.038,17.5,69.19,85.0,60.0,,79.81,
691.038,17.5,69.19,85.0,60.0,,79.81,
691.038,17.5,69.19,85.0,60.0,,79.81,
691.038,17.5,69.19,85.0,60.0,,79.81,
691.187,17.5,69.14,85.0,60.0,73.04,79.87,40.57
691.187,17.5,69.14,85.0,60.0,73.04,79.87,40.57
691.187,17.5,69.14,85.0,60.0,73.04,79.87,40.57
691.187,17.5,69.14,85.0,60.0,73.04,79.87,40.57
691.187,17.5,69.14,85.0,60.0,73.04,79.87,40.57
691.187,17.5,69.14,85.0,60.0,73.04,79.87,40.57
691.187,17.5,69.14,85.0,60.0,73.04,79.87,40.57
691.337,17.51,69.1,85.0,60.0,,79.91,
691.337,17.51,69.1,85.0,60.0,,79.91,
691.337,17.51,69.1,85.0,60.0,,79.91,
691.337,17.51,69.1,85.0,60.0,,79.91,
691.337,17.51,69.1,85.0,60.0,,79.91,
691.488,17.51,69.06,85.0,60.0,,79.96,
691.488,17.51,69.06,85.0,60.0,,79.96,
691.488,17.51,69.06,85.0,60.0,,79.96,
691.488,17.51,69.06,85.0,60.0,,79.96,
691.488,17.51,69.06,85.0,60.0,,79.96,
691.637,17.53,69.02,85.0,60.0,,80.01,
691.637,17.53,69.02,85.0,60.0,,80.01,
691.637,17.53,69.02,85.0,60.0,,80.01,
691.637,17.53,69.02,85.0,60.0,,80.01,
691.637,17.53,69.02,85.0,60.0,,80.01,
691.787,17.54,68.98,85.0,60.0,72.78,80.06,40.34
691.787,17.54,68.98,85.0,60.0,72.78,80.06,40.34
691.787,17.54,68.98,85.0,60.0,72.78,80.06,40.34
691.787,17.54,68.98,85.0,60.0,72.78,80.06,40.34
691.787,17.54,68.98,85.0,60.0,72.78,80.06,40.34
691.787,17.54,68.98,85.0,60.0,72.78,80.06,40.34
691.787,17.54,68.98,85.0,60.0,72.78,80.06,40.34
691.939,17.55,68.94,85.0,60.0,,80.13,
691.939,17.55,68.94,85.0,60.0,,80.13,
691.939,17.55,68.94,85.0,60.0,,80.13,
691.939,17.55,68.94,85.0,60.0,,80.13,
691.939,17.55,68.94,85.0,60.0,,80.13,
692.088,17.57,68.9,85.0,60.0,,80.18,
692.088,17.57,68.9,85.0,60.0,,80.18,
692.088,17.57,68.9,85.0,60.0,,80.18,
692.088,17.57,68.9,85.0,60.0,,80.18,
692.088,17.57,68.9,85.0,60.0,,80.18,
692.238,17.57,68.86,85.0,60.0,,80.25,
692.238,17.57,68.86,85.0,60.0,,80.25,
692.238,17.57,68.86,85.0,60.0,,80.25,
692.238,17.57,68.86,85.0,60.0,,80.25,
692.238,17.57,68.86,85.0,60.0,,80.25,
692.392,17.58,68.82,85.0,60.0,72.71,80.32,40.22
692.392,17.58,68.82,85.0,60.0,72.71,80.32,40.22
692.392,17.58,68.82,85.0,60.0,72.71,80.32,40.22
692.392,17.58,68.82,85.0,60.0,72.71,80.32,40.22
692.392,17.58,68.82,85.0,60.0,72.71,80.32,40.22
692.392,17.58,68.82,85.0,60.0,72.71,80.32,40.22
692.392,17.58,68.82,85.0,60.0,72.71,80.32,40.22
692.538,17.59,68.78,85.0,60.0,,80.37,
692.538,17.59,68.78,85.0,60.0,,80.37,
692.538,17.59,68.78,85.0,60.0,,80.37,
692.538,17.59,68.78,85.0,60.0,,80.37,
692.538,17.59,68.78,85.0,60.0,,80.37,
692.688,17.6,68.73,85.0,60.0,,80.42,
692.688,17.6,68.73,85.0,60.0,,80.42,
692.688,17.6,68.73,85.0,60.0,,80.42,
692.688,17.6,68.73,85.0,60.0,,80.42,
692.688,17.6,68.73,85.0,60.0,,80.42,
692.842,17.6,68.69,85.0,60.0,,80.47,
692.842,17.6,68.69,85.0,60.0,,80.47,
692.842,17.6,68.69,85.0,60.0,,80.47,
692.842,17.6,68.69,85.0,60.0,,80.47,
692.842,17.6,68.69,85.0,60.0,,80.47,
692.989,17.61,68.65,85.0,60.0,72.49,80.53,40.02
692.989,17.61,68.65,85.0,60.0,72.49,80.53,40.02
692.989,17.61,68.65,85.0,60.0,72.49,80.53,40.02
692.989,17.61,68.65,85.0,60.0,72.49,80.53,40.02
692.989,17.61,68.65,85.0,60.0,72.49,80.53,40.02
692.989,17.61,68.65,85.0,60.0,72.49,80.53,40.02
692.989,17.61,68.65,85.0,60.0,72.49,80.53,40.02
693.139,17.63,68.61,85.0,60.0,,80.58,
693.139,17.63,68.61,85.0,60.0,,80.58,
693.139,17.63,68.61,85.0,60.0,,80.58,
693.139,17.63,68.61,85.0,60.0,,80.58,
693.139,17.63,68.61,85.0,60.0,,80.58,
693.294,17.63,68.57,85.0,60.0,,80.62,
693.294,17.63,68.57,85.0,60.0,,80.62,
693.294,17.63,68.57,85.0,60.0,,80.62,
693.294,17.63,68.57,85.0,60.0,,80.62,
693.294,17.63,68.57,85.0,60.0,,80.62,
693.439,17.65,68.53,85.0,60.0,,80.69,
693.439,17.65,68.53,85.0,60.0,,80.69,
693.439,17.65,68.53,85.0,60.0,,80.69,
693.439,17.65,68.53,85.0,60.0,,80.69,
693.439,17.65,68.53,85.0,60.0,,80.69,
693.589,17.66,68.49,85.0,60.0,72.22,80.73,39.76
693.589,17.66,68.49,85.0,60.0,72.22,80.73,39.76
693.589,17.66,68.49,85.0,60.0,72.22,80.73,39.76
693.589,17.66,68.49,85.0,60.0,72.22,80.73,39.76
693.589,17.66,68.49,85.0,60.0,72.22,80.73,39.76
693.589,17.66,68.49,85.0,60.0,72.22,80.73,39.76
693.589,17.66,68.49,85.0,60.0,72.22,80.73,39.76
693.744,17.67,68.45,85.0,60.0,,80.77,
693.744,17.67,68.45,85.0,60.0,,80.77,
693.744,17.67,68.45,85.0,60.0,,80.77,
693.744,17.67,68.45,85.0,60.0,,80.77,
693.744,17.67,68.45,85.0,60.0,,80.77,
693.889,17.68,68.41,85.0,60.0,,80.85,
693.889,17.68,68.41,85.0,60.0,,80.85,
693.889,17.68,68.41,85.0,60.0,,80.85,
693.889,17.68,68.41,85.0,60.0,,80.85,
693.889,17.68,68.41,85.0,60.0,,80.85,
694.039,17.69,68.37,85.0,60.0,,80.9,
694.039,17.69,68.37,85.0,60.0,,80.9,
694.039,17.69,68.37,85.0,60.0,,80.9,
694.039,17.69,68.37,85.0,60.0,,80.9,
694.039,17.69,68.37,85.0,60.0,,80.9,
694.194,17.69,68.33,85.0,60.0,72.05,80.94,39.5
694.194,17.69,68.33,85.0,60.0,72.05,80.94,39.5
694.194,17.69,68.33,85.0,60.0,72.05,80.94,39.5
694.194,17.69,68.33,85.0,60.0,72.05,80.94,39.5
694.194,17.69,68.33,85.0,60.0,72.05,80.94,39.5
694.194,17.69,68.33,85.0,60.0,72.05,80.94,39.5
694.194,17.69,68.33,85.0,60.0,72.05,80.94,39.5
694.339,17.72,68.29,85.0,60.0,,81.0,
694.339,17.72,68.29,85.0,60.0,,81.0,
694.339,17.72,68.29,85.0,60.0,,81.0,
694.339,17.72,68.29,85.0,60.0,,81.0,
694.339,17.72,68.29,85.0,60.0,,81.0,
694.489,17.72,68.25,85.0,60.0,,81.05,
694.489,17.72,68.25,85.0,60.0,,81.05,
694.489,17.72,68.25,85.0,60.0,,81.05,
694.489,17.72,68.25,85.0,60.0,,81.05,
694.489,17.72,68.25,85.0,60.0,,81.05,
694.644,17.73,68.21,85.0,60.0,,81.09,
694.644,17.73,68.21,85.0,60.0,,81.09,
694.644,17.73,68.21,85.0,60.0,,81.09,
694.644,17.73,68.21,85.0,60.0,,81.09,
694.644,17.73,68.21,85.0,60.0,,81.09,
694.789,17.75,68.17,85.0,60.0,71.88,81.15,39.36
694.789,17.75,68.17,85.0,60.0,71.88,81.15,39.36
694.789,17.75,68.17,85.0,60.0,71.88,81.15,39.36
694.789,17.75,68.17,85.0,60.0,71.88,81.15,39.36
694.789,17.75,68.17,85.0,60.0,71.88,81.15,39.36
694.789,17.75,68.17,85.0,60.0,71.88,81.15,39.36
694.789,17.75,68.17,85.0,60.0,71.88,81.15,39.36
694.939,17.76,68.13,85.0,60.0,,81.2,
694.939,17.76,68.13,85.0,60.0,,81.2,
694.939,17.76,68.13,85.0,60.0,,81.2,
694.939,17.76,68.13,85.0,60.0,,81.2,
694.939,17.76,68.13,85.0,60.0,,81.2,
695.089,17.78,68.09,85.0,60.0,,81.24,
695.089,17.78,68.09,85.0,60.0,,81.24,
695.089,17.78,68.09,85.0,60.0,,81.24,
695.089,17.78,68.09,85.0,60.0,,81.24,
695.089,17.78,68.09,85.0,60.0,,81.24,
695.239,17.78,68.05,85.0,60.0,,81.31,
695.239,17.78,68.05,85.0,60.0,,81.31,
695.239,17.78,68.05,85.0,60.0,,81.31,
695.239,17.78,68.05,85.0,60.0,,81.31,
695.239,17.78,68.05,85.0,60.0,,81.31,
695.389,17.79,68.01,85.0,60.0,71.6,81.36,39.13
695.389,17.79,68.01,85.0,60.0,71.6,81.36,39.13
695.389,17.79,68.01,85.0,60.0,71.6,81.36,39.13
695.389,17.79,68.01,85.0,60.0,71.6,81.36,39.13
695.389,17.79,68.01,85.0,60.0,71.6,81.36,39.13
695.389,17.79,68.01,85.0,60.0,71.6,81.36,39.13
695.389,17.79,68.01,85.0,60.0,71.6,81.36,39.13
695.539,17.8,67.96,85.0,60.0,,81.4,
695.539,17.8,67.96,85.0,60.0,,81.4,
695.539,17.8,67.96,85.0,60.0,,81.4,
695.539,17.8,67.96,85.0,60.0,,81.4,
695.539,17.8,67.96,85.0,60.0,,81.4,
695.689,17.82,67.92,85.0,60.0,,81.47,
695.689,17.82,67.92,85.0,60.0,,81.47,
695.689,17.82,67.92,85.0,60.0,,81.47,
695.689,17.82,67.92,85.0,60.0,,81.47,
695.689,17.82,67.92,85.0,60.0,,81.47,
695.839,17.82,67.88,85.0,60.0,,81.51,
695.839,17.82,67.88,85.0,60.0,,81.51,
695.839,17.82,67.88,85.0,60.0,,81.51,
695.839,17.82,67.88,85.0,60.0,,81.51,
695.839,17.82,67.88,85.0,60.0,,81.51,
695.989,17.84,67.84,85.0,60.0,,81.56,
695.989,17.84,67.84,85.0,60.0,,81.56,
695.989,17.84,67.84,85.0,60.0,,81.56,
695.989,17.84,67.84,85.0,60.0,,81.56,
695.989,17.84,67.84,85.0,60.0,,81.56,
696.067,,,,,71.48,,39.03
696.067,,,,,71.48,,39.03
696.14,17.85,67.8,85.0,60.0,,81.62,
696.14,17.85,67.8,85.0,60.0,,81.62,
696.14,17.85,67.8,85.0,60.0,,81.62,
696.14,17.85,67.8,85.0,60.0,,81.62,
696.14,17.85,67.8,85.0,60.0,,81.62,
696.289,17.86,67.76,85.0,60.0,,81.67,
696.289,17.86,67.76,85.0,60.0,,81.67,
696.289,17.86,67.76,85.0,60.0,,81.67,
696.289,17.86,67.76,85.0,60.0,,81.67,
696.289,17.86,67.76,85.0,60.0,,81.67,
696.439,17.87,67.72,85.0,60.0,,81.71,
696.439,17.87,67.72,85.0,60.0,,81.71,
696.439,17.87,67.72,85.0,60.0,,81.71,
696.439,17.87,67.72,85.0,60.0,,81.71,
696.439,17.87,67.72,85.0,60.0,,81.71,
696.59,17.9,67.68,85.0,60.0,71.23,81.77,38.78
696.59,17.9,67.68,85.0,60.0,71.23,81.77,38.78
696.59,17.9,67.68,85.0,60.0,71.23,81.77,38.78
696.59,17.9,67.68,85.0,60.0,71.23,81.77,38.78
696.59,17.9,67.68,85.0,60.0,71.23,81.77,38.78
696.59,17.9,67.68,85.0,60.0,71.23,81.77,38.78
696.59,17.9,67.68,85.0,60.0,71.23,81.77,38.78
696.739,17.91,67.64,85.0,60.0,,81.81,
696.739,17.91,67.64,85.0,60.0,,81.81,
696.739,17.91,67.64,85.0,60.0,,81.81,
696.739,17.91,67.64,85.0,60.0,,81.81,
696.739,17.91,67.64,85.0,60.0,,81.81,
696.889,17.91,67.6,85.0,60.0,,81.86,
696.889,17.91,67.6,85.0,60.0,,81.86,
696.889,17.91,67.6,85.0,60.0,,81.86,
696.889,17.91,67.6,85.0,60.0,,81.86,
696.889,17.91,67.6,85.0,60.0,,81.86,
697.04,17.93,67.56,85.0,60.0,,81.91,
697.04,17.93,67.56,85.0,60.0,,81.91,
697.04,17.93,67.56,85.0,60.0,,81.91,
697.04,17.93,67.56,85.0,60.0,,81.91,
697.04,17.93,67.56,85.0,60.0,,81.91,
697.189,17.94,67.52,85.0,60.0,71.11,81.96,38.65
697.189,17.94,67.52,85.0,60.0,71.11,81.96,38.65
697.189,17.94,67.52,85.0,60.0,71.11,81.96,38.65
697.189,17.94,67.52,85.0,60.0,71.11,81.96,38.65
697.189,17.94,67.52,85.0,60.0,71.11,81.96,38.65
697.189,17.94,67.52,85.0,60.0,71.11,81.96,38.65
697.189,17.94,67.52,85.0,60.0,71.11,81.96,38.65
697.339,17.95,67.48,85.0,60.0,,82.0,
697.339,17.95,67.48,85.0,60.0,,82.0,
697.339,17.95,67.48,85.0,60.0,,82.0,
697.339,17.95,67.48,85.0,60.0,,82.0,
697.339,17.95,67.48,85.0,60.0,,82.0,
697.49,17.96,67.44,85.0,60.0,,82.06,
697.49,17.96,67.44,85.0,60.0,,82.06,
697.49,17.96,67.44,85.0,60.0,,82.06,
697.49,17.96,67.44,85.0,60.0,,82.06,
697.49,17.96,67.44,85.0,60.0,,82.06,
697.639,17.98,67.41,85.0,60.0,,82.11,
697.639,17.98,67.41,85.0,60.0,,82.11,
697.639,17.98,67.41,85.0,60.0,,82.11,
697.639,17.98,67.41,85.0,60.0,,82.11,
697.639,17.98,67.41,85.0,60.0,,82.11,
697.789,17.99,67.37,85.0,60.0,70.81,82.15,38.46
697.789,17.99,67.37,85.0,60.0,70.81,82.15,38.46
697.789,17.99,67.37,85.0,60.0,70.81,82.15,38.46
697.789,17.99,67.37,85.0,60.0,70.81,82.15,38.46
697.789,17.99,67.37,85.0,60.0,70.81,82.15,38.46
697.789,17.99,67.37,85.0,60.0,70.81,82.15,38.46
697.789,17.99,67.37,85.0,60.0,70.81,82.15,38.46
697.94,18.01,67.33,85.0,60.0,,82.21,
697.94,18.01,67.33,85.0,60.0,,82.21,
697.94,18.01,67.33,85.0,60.0,,82.21,
697.94,18.01,67.33,85.0,60.0,,82.21,
697.94,18.01,67.33,85.0,60.0,,82.21,
698.122,18.02,67.28,85.0,60.0,,82.24,
698.122,18.02,67.28,85.0,60.0,,82.24,
698.122,18.02,67.28,85.0,60.0,,82.24,
698.122,18.02,67.28,85.0,60.0,,82.24,
698.122,18.02,67.28,85.0,60.0,,82.24,
698.269,18.04,67.24,85.0,60.0,,82.31,
698.269,18.04,67.24,85.0,60.0,,82.31,
698.269,18.04,67.24,85.0,60.0,,82.31,
698.269,18.04,67.24,85.0,60.0,,82.31,
698.269,18.04,67.24,85.0,60.0,,82.31,
698.419,18.05,67.2,85.0,60.0,70.68,82.35,38.38
698.419,18.05,67.2,85.0,60.0,70.68,82.35,38.38
698.419,18.05,67.2,85.0,60.0,70.68,82.35,38.38
698.419,18.05,67.2,85.0,60.0,70.68,82.35,38.38
698.419,18.05,67.2,85.0,60.0,70.68,82.35,38.38
698.419,18.05,67.2,85.0,60.0,70.68,82.35,38.38
698.419,18.05,67.2,85.0,60.0,70.68,82.35,38.38
698.57,18.07,67.16,85.0,60.0,,82.42,
698.57,18.07,67.16,85.0,60.0,,82.42,
698.57,18.07,67.16,85.0,60.0,,82.42,
698.57,18.07,67.16,85.0,60.0,,82.42,
698.57,18.07,67.16,85.0,60.0,,82.42,
698.719,18.08,67.12,85.0,60.0,,82.45,
698.719,18.08,67.12,85.0,60.0,,82.45,
698.719,18.08,67.12,85.0,60.0,,82.45,
698.719,18.08,67.12,85.0,60.0,,82.45,
698.719,18.08,67.12,85.0,60.0,,82.45,
698.869,18.09,67.08,85.0,60.0,,82.49,
698.869,18.09,67.08,85.0,60.0,,82.49,
698.869,18.09,67.08,85.0,60.0,,82.49,
698.869,18.09,67.08,85.0,60.0,,82.49,
698.869,18.09,67.08,85.0,60.0,,82.49,
699.02,18.11,67.04,85.0,60.0,70.37,82.54,38.1
699.02,18.11,67.04,85.0,60.0,70.37,82.54,38.1
699.02,18.11,67.04,85.0,60.0,70.37,82.54,38.1
699.02,18.11,67.04,85.0,60.0,70.37,82.54,38.1
699.02,18.11,67.04,85.0,60.0,70.37,82.54,38.1
699.02,18.11,67.04,85.0,60.0,70.37,82.54,38.1
699.02,18.11,67.04,85.0,60.0,70.37,82.54,38.1
699.169,18.12,67.0,85.0,60.0,,82.59,
699.169,18.12,67.0,85.0,60.0,,82.59,
699.169,18.12,67.0,85.0,60.0,,82.59,
699.169,18.12,67.0,85.0,60.0,,82.59,
699.169,18.12,67.0,85.0,60.0,,82.59,
699.319,18.12,66.96,85.0,60.0,,82.64,
699.319,18.12,66.96,85.0,60.0,,82.64,
699.319,18.12,66.96,85.0,60.0,,82.64,
699.319,18.12,66.96,85.0,60.0,,82.64,
699.319,18.12,66.96,85.0,60.0,,82.64,
699.471,18.14,66.92,85.0,60.0,,82.69,
699.471,18.14,66.92,85.0,60.0,,82.69,
699.471,18.14,66.92,85.0,60.0,,82.69,
699.471,18.14,66.92,85.0,60.0,,82.69,
699.471,18.14,66.92,85.0,60.0,,82.69,
699.619,18.15,66.88,85.0,60.0,70.3,82.74,38.01
699.619,18.15,66.88,85.0,60.0,70.3,82.74,38.01
699.619,18.15,66.88,85.0,60.0,70.3,82.74,38.01
699.619,18.15,66.88,85.0,60.0,70.3,82.74,38.01
699.619,18.15,66.88,85.0,60.0,70.3,82.74,38.01
699.619,18.15,66.88,85.0,60.0,70.3,82.74,38.01
699.619,18.15,66.88,85.0,60.0,70.3,82.74,38.01
699.769,18.16,66.84,85.0,60.0,,82.78,
699.769,18.16,66.84,85.0,60.0,,82.78,
699.769,18.16,66.84,85.0,60.0,,82.78,
699.769,18.16,66.84,85.0,60.0,,82.78,
699.769,18.16,66.84,85.0,60.0,,82.78,
699.92,18.19,66.8,85.0,60.0,,82.85,
699.92,18.19,66.8,85.0,60.0,,82.85,
699.92,18.19,66.8,85.0,60.0,,82.85,
699.92,18.19,66.8,85.0,60.0,,82.85,
699.92,18.19,66.8,85.0,60.0,,82.85,
700.069,18.21,66.77,85.0,60.0,,82.89,
700.069,18.21,66.77,85.0,60.0,,82.89,
700.069,18.21,66.77,85.0,60.0,,82.89,
700.069,18.21,66.77,85.0,60.0,,82.89,
700.069,18.21,66.77,85.0,60.0,,82.89,
700.219,18.21,66.73,85.0,60.0,69.99,82.93,37.8
700.219,18.21,66.73,85.0,60.0,69.99,82.93,37.8
700.219,18.21,66.73,85.0,60.0,69.99,82.93,37.8
700.219,18.21,66.73,85.0,60.0,69.99,82.93,37.8
700.219,18.21,66.73,85.0,60.0,69.99,82.93,37.8
700.219,18.21,66.73,85.0,60.0,69.99,82.93,37.8
700.219,18.21,66.73,85.0,60.0,69.99,82.93,37.8
700.371,18.23,66.68,85.0,60.0,,82.98,
700.371,18.23,66.68,85.0,60.0,,82.98,
700.371,18.23,66.68,85.0,60.0,,82.98,
700.371,18.23,66.68,85.0,60.0,,82.98,
700.371,18.23,66.68,85.0,60.0,,82.98,
700.519,18.25,66.6,85.0,60.0,,83.03,
700.519,18.25,66.6,85.0,60.0,,83.03,
700.519,18.25,66.6,85.0,60.0,,83.03,
700.519,18.25,66.6,85.0,60.0,,83.03,
700.519,18.25,66.6,85.0,60.0,,83.03,
700.669,18.26,66.53,85.0,60.0,,83.07,
700.669,18.26,66.53,85.0,60.0,,83.07,
700.669,18.26,66.53,85.0,60.0,,83.07,
700.669,18.26,66.53,85.0,60.0,,83.07,
700.669,18.26,66.53,85.0,60.0,,83.07,
700.82,18.28,66.46,85.0,60.0,69.84,83.13,37.69
700.82,18.28,66.46,85.0,60.0,69.84,83.13,37.69
700.82,18.28,66.46,85.0,60.0,69.84,83.13,37.69
700.82,18.28,66.46,85.0,60.0,69.84,83.13,37.69
700.82,18.28,66.46,85.0,60.0,69.84,83.13,37.69
700.82,18.28,66.46,85.0,60.0,69.84,83.13,37.69
700.82,18.28,66.46,85.0,60.0,69.84,83.13,37.69
700.969,18.28,66.38,85.0,60.0,,83.17,
700.969,18.28,66.38,85.0,60.0,,83.17,
700.969,18.28,66.38,85.0,60.0,,83.17,
700.969,18.28,66.38,85.0,60.0,,83.17,
700.969,18.28,66.38,85.0,60.0,,83.17,
701.119,18.3,66.31,85.0,60.0,,83.21,
701.119,18.3,66.31,85.0,60.0,,83.21,
701.119,18.3,66.31,85.0,60.0,,83.21,
701.119,18.3,66.31,85.0,60.0,,83.21,
701.119,18.3,66.31,85.0,60.0,,83.21,
701.272,18.31,66.24,85.0,60.0,,83.25,
701.272,18.31,66.24,85.0,60.0,,83.25,
701.272,18.31,66.24,85.0,60.0,,83.25,
701.272,18.31,66.24,85.0,60.0,,83.25,
701.272,18.31,66.24,85.0,60.0,,83.25,
701.421,18.32,66.16,85.0,60.0,69.7,83.29,37.6
701.421,18.32,66.16,85.0,60.0,69.7,83.29,37.6
701.421,18.32,66.16,85.0,60.0,69.7,83.29,37.6
701.421,18.32,66.16,85.0,60.0,69.7,83.29,37.6
701.421,18.32,66.16,85.0,60.0,69.7,83.29,37.6
701.421,18.32,66.16,85.0,60.0,69.7,83.29,37.6
701.421,18.32,66.16,85.0,60.0,69.7,83.29,37.6
701.571,18.33,66.09,85.0,60.0,,83.34,
701.571,18.33,66.09,85.0,60.0,,83.34,
701.571,18.33,66.09,85.0,60.0,,83.34,
701.571,18.33,66.09,85.0,60.0,,83.34,
701.571,18.33,66.09,85.0,60.0,,83.34,
701.725,18.35,66.02,85.0,60.0,,83.4,
701.725,18.35,66.02,85.0,60.0,,83.4,
701.725,18.35,66.02,85.0,60.0,,83.4,
701.725,18.35,66.02,85.0,60.0,,83.4,
701.725,18.35,66.02,85.0,60.0,,83.4,
701.873,18.36,65.95,85.0,60.0,,83.44,
701.873,18.36,65.95,85.0,60.0,,83.44,
701.873,18.36,65.95,85.0,60.0,,83.44,
701.873,18.36,65.95,85.0,60.0,,83.44,
701.873,18.36,65.95,85.0,60.0,,83.44,
702.023,18.38,65.88,85.0,60.0,69.42,83.48,37.39
702.023,18.38,65.88,85.0,60.0,69.42,83.48,37.39
702.023,18.38,65.88,85.0,60.0,69.42,83.48,37.39
702.023,18.38,65.88,85.0,60.0,69.42,83.48,37.39
702.023,18.38,65.88,85.0,60.0,69.42,83.48,37.39
702.023,18.38,65.88,85.0,60.0,69.42,83.48,37.39
702.023,18.38,65.88,85.0,60.0,69.42,83.48,37.39
702.174,18.39,65.8,85.0,60.0,,83.54,
702.174,18.39,65.8,85.0,60.0,,83.54,
702.174,18.39,65.8,85.0,60.0,,83.54,
702.174,18.39,65.8,85.0,60.0,,83.54,
702.174,18.39,65.8,85.0,60.0,,83.54,
702.323,18.4,65.73,85.0,60.0,,83.58,
702.323,18.4,65.73,85.0,60.0,,83.58,
702.323,18.4,65.73,85.0,60.0,,83.58,
702.323,18.4,65.73,85.0,60.0,,83.58,
702.323,18.4,65.73,85.0,60.0,,83.58,
702.473,18.41,65.66,85.0,60.0,,83.61,
702.473,18.41,65.66,85.0,60.0,,83.61,
702.473,18.41,65.66,85.0,60.0,,83.61,
702.473,18.41,65.66,85.0,60.0,,83.61,
702.473,18.41,65.66,85.0,60.0,,83.61,
702.624,18.43,65.59,85.0,60.0,69.32,83.67,37.3
702.624,18.43,65.59,85.0,60.0,69.32,83.67,37.3
702.624,18.43,65.59,85.0,60.0,69.32,83.67,37.3
702.624,18.43,65.59,85.0,60.0,69.32,83.67,37.3
702.624,18.43,65.59,85.0,60.0,69.32,83.67,37.3
702.624,18.43,65.59,85.0,60.0,69.32,83.67,37.3
702.624,18.43,65.59,85.0,60.0,69.32,83.67,37.3
702.773,18.44,65.52,85.0,60.0,,83.7,
702.773,18.44,65.52,85.0,60.0,,83.7,
702.773,18.44,65.52,85.0,60.0,,83.7,
702.773,18.44,65.52,85.0,60.0,,83.7,
702.773,18.44,65.52,85.0,60.0,,83.7,
702.923,18.46,65.44,85.0,60.0,,83.75,
702.923,18.46,65.44,85.0,60.0,,83.75,
702.923,18.46,65.44,85.0,60.0,,83.75,
702.923,18.46,65.44,85.0,60.0,,83.75,
702.923,18.46,65.44,85.0,60.0,,83.75,
703.074,18.47,65.37,85.0,60.0,,83.81,
703.074,18.47,65.37,85.0,60.0,,83.81,
703.074,18.47,65.37,85.0,60.0,,83.81,
703.074,18.47,65.37,85.0,60.0,,83.81,
703.074,18.47,65.37,85.0,60.0,,83.81,
703.223,18.49,65.3,85.0,60.0,68.97,83.85,37.11
703.223,18.49,65.3,85.0,60.0,68.97,83.85,37.11
703.223,18.49,65.3,85.0,60.0,68.97,83.85,37.11
703.223,18.49,65.3,85.0,60.0,68.97,83.85,37.11
703.223,18.49,65.3,85.0,60.0,68.97,83.85,37.11
703.223,18.49,65.3,85.0,60.0,68.97,83.85,37.11
703.223,18.49,65.3,85.0,60.0,68.97,83.85,37.11
703.373,18.5,65.23,85.0,60.0,,83.89,
703.373,18.5,65.23,85.0,60.0,,83.89,
703.373,18.5,65.23,85.0,60.0,,83.89,
703.373,18.5,65.23,85.0,60.0,,83.89,
703.373,18.5,65.23,85.0,60.0,,83.89,
703.524,18.52,65.16,85.0,60.0,,83.94,
703.524,18.52,65.16,85.0,60.0,,83.94,
703.524,18.52,65.16,85.0,60.0,,83.94,
703.524,18.52,65.16,85.0,60.0,,83.94,
703.524,18.52,65.16,85.0,60.0,,83.94,
703.673,18.53,65.09,85.0,60.0,,83.98,
703.673,18.53,65.09,85.0,60.0,,83.98,
703.673,18.53,65.09,85.0,60.0,,83.98,
703.673,18.53,65.09,85.0,60.0,,83.98,
703.673,18.53,65.09,85.0,60.0,,83.98,
703.823,18.55,65.02,85.0,60.0,68.9,84.02,37.03
703.823,18.55,65.02,85.0,60.0,68.9,84.02,37.03
703.823,18.55,65.02,85.0,60.0,68.9,84.02,37.03
703.823,18.55,65.02,85.0,60.0,68.9,84.02,37.03
703.823,18.55,65.02,85.0,60.0,68.9,84.02,37.03
703.823,18.55,65.02,85.0,60.0,68.9,84.02,37.03
703.823,18.55,65.02,85.0,60.0,68.9,84.02,37.03
703.974,18.57,64.95,85.0,60.0,,84.08,
703.974,18.57,64.95,85.0,60.0,,84.08,
703.974,18.57,64.95,85.0,60.0,,84.08,
703.974,18.57,64.95,85.0,60.0,,84.08,
703.974,18.57,64.95,85.0,60.0,,84.08,
704.123,18.59,64.88,85.0,60.0,,84.12,
704.123,18.59,64.88,85.0,60.0,,84.12,
704.123,18.59,64.88,85.0,60.0,,84.12,
704.123,18.59,64.88,85.0,60.0,,84.12,
704.123,18.59,64.88,85.0,60.0,,84.12,
704.273,18.6,64.81,85.0,60.0,,84.16,
704.273,18.6,64.81,85.0,60.0,,84.16,
704.273,18.6,64.81,85.0,60.0,,84.16,
704.273,18.6,64.81,85.0,60.0,,84.16,
704.273,18.6,64.81,85.0,60.0,,84.16,
704.426,18.62,64.74,85.0,60.0,68.63,84.21,36.81
704.426,18.62,64.74,85.0,60.0,68.63,84.21,36.81
704.426,18.62,64.74,85.0,60.0,68.63,84.21,36.81
704.426,18.62,64.74,85.0,60.0,68.63,84.21,36.81
704.426,18.62,64.74,85.0,60.0,68.63,84.21,36.81
704.426,18.62,64.74,85.0,60.0,68.63,84.21,36.81
704.426,18.62,64.74,85.0,60.0,68.63,84.21,36.81
704.575,18.63,64.67,85.0,60.0,,84.24,
704.575,18.63,64.67,85.0,60.0,,84.24,
704.575,18.63,64.67,85.0,60.0,,84.24,
704.575,18.63,64.67,85.0,60.0,,84.24,
704.575,18.63,64.67,85.0,60.0,,84.24,
704.725,18.65,64.6,85.0,60.0,,84.28,
704.725,18.65,64.6,85.0,60.0,,84.28,
704.725,18.65,64.6,85.0,60.0,,84.28,
704.725,18.65,64.6,85.0,60.0,,84.28,
704.725,18.65,64.6,85.0,60.0,,84.28,
704.876,18.66,64.53,85.0,60.0,,84.34,
704.876,18.66,64.53,85.0,60.0,,84.34,
704.876,18.66,64.53,85.0,60.0,,84.34,
704.876,18.66,64.53,85.0,60.0,,84.34,
704.876,18.66,64.53,85.0,60.0,,84.34,
705.025,18.68,64.46,85.0,60.0,68.48,84.38,36.72
705.025,18.68,64.46,85.0,60.0,68.48,84.38,36.72
705.025,18.68,64.46,85.0,60.0,68.48,84.38,36.72
705.025,18.68,64.46,85.0,60.0,68.48,84.38,36.72
705.025,18.68,64.46,85.0,60.0,68.48,84.38,36.72
705.025,18.68,64.46,85.0,60.0,68.48,84.38,36.72
705.025,18.68,64.46,85.0,60.0,68.48,84.38,36.72
705.175,18.7,64.39,85.0,60.0,,84.41,
705.175,18.7,64.39,85.0,60.0,,84.41,
705.175,18.7,64.39,85.0,60.0,,84.41,
705.175,18.7,64.39,85.0,60.0,,84.41,
705.175,18.7,64.39,85.0,60.0,,84.41,
705.326,18.72,64.32,85.0,60.0,,84.47,
705.326,18.72,64.32,85.0,60.0,,84.47,
705.326,18.72,64.32,85.0,60.0,,84.47,
705.326,18.72,64.32,85.0,60.0,,84.47,
705.326,18.72,64.32,85.0,60.0,,84.47,
705.475,18.73,64.25,85.0,60.0,,84.51,
705.475,18.73,64.25,85.0,60.0,,84.51,
705.475,18.73,64.25,85.0,60.0,,84.51,
705.475,18.73,64.25,85.0,60.0,,84.51,
705.475,18.73,64.25,85.0,60.0,,84.51,
705.625,18.73,64.18,85.0,60.0,68.16,84.54,36.47
705.625,18.73,64.18,85.0,60.0,68.16,84.54,36.47
705.625,18.73,64.18,85.0,60.0,68.16,84.54,36.47
705.625,18.73,64.18,85.0,60.0,68.16,84.54,36.47
705.625,18.73,64.18,85.0,60.0,68.16,84.54,36.47
705.625,18.73,64.18,85.0,60.0,68.16,84.54,36.47
705.625,18.73,64.18,85.0,60.0,68.16,84.54,36.47
705.776,18.76,64.11,85.0,60.0,,84.59,
705.776,18.76,64.11,85.0,60.0,,84.59,
705.776,18.76,64.11,85.0,60.0,,84.59,
705.776,18.76,64.11,85.0,60.0,,84.59,
705.776,18.76,64.11,85.0,60.0,,84.59,
705.925,18.78,64.04,85.0,60.0,,84.63,
705.925,18.78,64.04,85.0,60.0,,84.63,
705.925,18.78,64.04,85.0,60.0,,84.63,
705.925,18.78,64.04,85.0,60.0,,84.63,
705.925,18.78,64.04,85.0,60.0,,84.63,
706.075,18.79,63.97,85.0,60.0,,84.67,
706.075,18.79,63.97,85.0,60.0,,84.67,
706.075,18.79,63.97,85.0,60.0,,84.67,
706.075,18.79,63.97,85.0,60.0,,84.67,
706.075,18.79,63.97,85.0,60.0,,84.67,
706.128,,,,,68.07,,36.44
706.128,,,,,68.07,,36.44
706.228,18.81,63.91,85.0,60.0,,84.72,
706.228,18.81,63.91,85.0,60.0,,84.72,
706.228,18.81,63.91,85.0,60.0,,84.72,
706.228,18.81,63.91,85.0,60.0,,84.72,
706.228,18.81,63.91,85.0,60.0,,84.72,
706.377,18.82,63.84,85.0,60.0,,84.77,
706.377,18.82,63.84,85.0,60.0,,84.77,
706.377,18.82,63.84,85.0,60.0,,84.77,
706.377,18.82,63.84,85.0,60.0,,84.77,
706.377,18.82,63.84,85.0,60.0,,84.77,
706.527,18.83,63.77,85.0,60.0,,84.8,
706.527,18.83,63.77,85.0,60.0,,84.8,
706.527,18.83,63.77,85.0,60.0,,84.8,
706.527,18.83,63.77,85.0,60.0,,84.8,
706.527,18.83,63.77,85.0,60.0,,84.8,
706.678,18.86,63.7,85.0,60.0,67.88,84.84,36.3
706.678,18.86,63.7,85.0,60.0,67.88,84.84,36.3
706.678,18.86,63.7,85.0,60.0,67.88,84.84,36.3
706.678,18.86,63.7,85.0,60.0,67.88,84.84,36.3
706.678,18.86,63.7,85.0,60.0,67.88,84.84,36.3
706.678,18.86,63.7,85.0,60.0,67.88,84.84,36.3
706.678,18.86,63.7,85.0,60.0,67.88,84.84,36.3
706.827,18.88,63.63,85.0,60.0,,84.88,
706.827,18.88,63.63,85.0,60.0,,84.88,
706.827,18.88,63.63,85.0,60.0,,84.88,
706.827,18.88,63.63,85.0,60.0,,84.88,
706.827,18.88,63.63,85.0,60.0,,84.88,
706.977,18.89,63.56,85.0,60.0,,84.91,
706.977,18.89,63.56,85.0,60.0,,84.91,
706.977,18.89,63.56,85.0,60.0,,84.91,
706.977,18.89,63.56,85.0,60.0,,84.91,
706.977,18.89,63.56,85.0,60.0,,84.91,
707.13,18.91,63.5,85.0,60.0,,84.96,
707.13,18.91,63.5,85.0,60.0,,84.96,
707.13,18.91,63.5,85.0,60.0,,84.96,
707.13,18.91,63.5,85.0,60.0,,84.96,
707.13,18.91,63.5,85.0,60.0,,84.96,
707.277,18.93,63.43,85.0,60.0,67.64,84.99,36.16
707.277,18.93,63.43,85.0,60.0,67.64,84.99,36.16
707.277,18.93,63.43,85.0,60.0,67.64,84.99,36.16
707.277,18.93,63.43,85.0,60.0,67.64,84.99,36.16
707.277,18.93,63.43,85.0,60.0,67.64,84.99,36.16
707.277,18.93,63.43,85.0,60.0,67.64,84.99,36.16
707.277,18.93,63.43,85.0,60.0,67.64,84.99,36.16
707.427,18.94,63.36,85.0,60.0,,85.02,
707.427,18.94,63.36,85.0,60.0,,85.02,
707.427,18.94,63.36,85.0,60.0,,85.02,
707.427,18.94,63.36,85.0,60.0,,85.02,
707.427,18.94,63.36,85.0,60.0,,85.02,
707.578,18.95,63.29,85.0,60.0,,85.05,
707.578,18.95,63.29,85.0,60.0,,85.05,
707.578,18.95,63.29,85.0,60.0,,85.05,
707.578,18.95,63.29,85.0,60.0,,85.05,
707.578,18.95,63.29,85.0,60.0,,85.05,
707.727,18.97,63.23,85.0,60.0,,85.09,
707.727,18.97,63.23,85.0,60.0,,85.09,
707.727,18.97,63.23,85.0,60.0,,85.09,
707.727,18.97,63.23,85.0,60.0,,85.09,
707.727,18.97,63.23,85.0,60.0,,85.09,
707.877,18.99,63.16,85.0,60.0,67.32,85.13,36.01
707.877,18.99,63.16,85.0,60.0,67.32,85.13,36.01
707.877,18.99,63.16,85.0,60.0,67.32,85.13,36.01
707.877,18.99,63.16,85.0,60.0,67.32,85.13,36.01
707.877,18.99,63.16,85.0,60.0,67.32,85.13,36.01
707.877,18.99,63.16,85.0,60.0,67.32,85.13,36.01
707.877,18.99,63.16,85.0,60.0,67.32,85.13,36.01
708.028,19.01,63.09,85.0,60.0,,85.17,
708.028,19.01,63.09,85.0,60.0,,85.17,
708.028,19.01,63.09,85.0,60.0,,85.17,
708.028,19.01,63.09,85.0,60.0,,85.17,
708.028,19.01,63.09,85.0,60.0,,85.17,
708.177,19.03,63.02,85.0,60.0,,85.23,
708.177,19.03,63.02,85.0,60.0,,85.23,
708.177,19.03,63.02,85.0,60.0,,85.23,
708.177,19.03,63.02,85.0,60.0,,85.23,
708.177,19.03,63.02,85.0,60.0,,85.23,
708.327,19.03,62.96,85.0,60.0,,85.29,
708.327,19.03,62.96,85.0,60.0,,85.29,
708.327,19.03,62.96,85.0,60.0,,85.29,
708.327,19.03,62.96,85.0,60.0,,85.29,
708.327,19.03,62.96,85.0,60.0,,85.29,
708.48,19.05,62.89,85.0,60.0,67.24,85.36,35.97
708.48,19.05,62.89,85.0,60.0,67.24,85.36,35.97
708.48,19.05,62.89,85.0,60.0,67.24,85.36,35.97
708.48,19.05,62.89,85.0,60.0,67.24,85.36,35.97
708.48,19.05,62.89,85.0,60.0,67.24,85.36,35.97
708.48,19.05,62.89,85.0,60.0,67.24,85.36,35.97
708.48,19.05,62.89,85.0,60.0,67.24,85.36,35.97
708.629,19.06,62.82,85.0,60.0,,85.39,
708.629,19.06,62.82,85.0,60.0,,85.39,
708.629,19.06,62.82,85.0,60.0,,85.39,
708.629,19.06,62.82,85.0,60.0,,85.39,
708.629,19.06,62.82,85.0,60.0,,85.39,
708.779,19.08,62.76,85.0,60.0,,85.43,
708.779,19.08,62.76,85.0,60.0,,85.43,
708.779,19.08,62.76,85.0,60.0,,85.43,
708.779,19.08,62.76,85.0,60.0,,85.43,
708.779,19.08,62.76,85.0,60.0,,85.43,
708.93,19.09,62.69,85.0,60.0,,85.48,
708.93,19.09,62.69,85.0,60.0,,85.48,
708.93,19.09,62.69,85.0,60.0,,85.48,
708.93,19.09,62.69,85.0,60.0,,85.48,
708.93,19.09,62.69,85.0,60.0,,85.48,
709.079,19.11,62.62,85.0,60.0,67.0,85.51,35.84
709.079,19.11,62.62,85.0,60.0,67.0,85.51,35.84
709.079,19.11,62.62,85.0,60.0,67.0,85.51,35.84
709.079,19.11,62.62,85.0,60.0,67.0,85.51,35.84
709.079,19.11,62.62,85.0,60.0,67.0,85.51,35.84
709.079,19.11,62.62,85.0,60.0,67.0,85.51,35.84
709.079,19.11,62.62,85.0,60.0,67.0,85.51,35.84
709.229,19.12,62.56,85.0,60.0,,85.54,
709.229,19.12,62.56,85.0,60.0,,85.54,
709.229,19.12,62.56,85.0,60.0,,85.54,
709.229,19.12,62.56,85.0,60.0,,85.54,
709.229,19.12,62.56,85.0,60.0,,85.54,
709.38,19.14,62.49,85.0,60.0,,85.58,
709.38,19.14,62.49,85.0,60.0,,85.58,
709.38,19.14,62.49,85.0,60.0,,85.58,
709.38,19.14,62.49,85.0,60.0,,85.58,
709.38,19.14,62.49,85.0,60.0,,85.58,
709.529,19.15,62.42,85.0,60.0,,85.62,
709.529,19.15,62.42,85.0,60.0,,85.62,
709.529,19.15,62.42,85.0,60.0,,85.62,
709.529,19.15,62.42,85.0,60.0,,85.62,
709.529,19.15,62.42,85.0,60.0,,85.62,
709.679,19.17,62.36,85.0,60.0,66.87,85.66,35.69
709.679,19.17,62.36,85.0,60.0,66.87,85.66,35.69
709.679,19.17,62.36,85.0,60.0,66.87,85.66,35.69
709.679,19.17,62.36,85.0,60.0,66.87,85.66,35.69
709.679,19.17,62.36,85.0,60.0,66.87,85.66,35.69
709.679,19.17,62.36,85.0,60.0,66.87,85.66,35.69
709.679,19.17,62.36,85.0,60.0,66.87,85.66,35.69
709.83,19.18,62.29,85.0,60.0,,85.7,
709.83,19.18,62.29,85.0,60.0,,85.7,
709.83,19.18,62.29,85.0,60.0,,85.7,
709.83,19.18,62.29,85.0,60.0,,85.7,
709.83,19.18,62.29,85.0,60.0,,85.7,
709.979,19.2,62.23,85.0,60.0,,85.74,
709.979,19.2,62.23,85.0,60.0,,85.74,
709.979,19.2,62.23,85.0,60.0,,85.74,
709.979,19.2,62.23,85.0,60.0,,85.74,
709.979,19.2,62.23,85.0,60.0,,85.74,
710.129,19.22,62.16,85.0,60.0,,85.77,
710.129,19.22,62.16,85.0,60.0,,85.77,
710.129,19.22,62.16,85.0,60.0,,85.77,
710.129,19.22,62.16,85.0,60.0,,85.77,
710.129,19.22,62.16,85.0,60.0,,85.77,
710.311,19.23,62.1,85.0,60.0,66.56,85.81,35.53
710.311,19.23,62.1,85.0,60.0,66.56,85.81,35.53
710.311,19.23,62.1,85.0,60.0,66.56,85.81,35.53
710.311,19.23,62.1,85.0,60.0,66.56,85.81,35.53
710.311,19.23,62.1,85.0,60.0,66.56,85.81,35.53
710.311,19.23,62.1,85.0,60.0,66.56,85.81,35.53
710.311,19.23,62.1,85.0,60.0,66.56,85.81,35.53
710.462,19.25,62.03,85.0,60.0,,85.88,
710.462,19.25,62.03,85.0,60.0,,85.88,
710.462,19.25,62.03,85.0,60.0,,85.88,
710.462,19.25,62.03,85.0,60.0,,85.88,
710.462,19.25,62.03,85.0,60.0,,85.88,
710.611,19.26,61.97,85.0,60.0,,85.91,
710.611,19.26,61.97,85.0,60.0,,85.91,
710.611,19.26,61.97,85.0,60.0,,85.91,
710.611,19.26,61.97,85.0,60.0,,85.91,
710.611,19.26,61.97,85.0,60.0,,85.91,
710.761,19.29,61.9,85.0,60.0,,85.96,
710.761,19.29,61.9,85.0,60.0,,85.96,
710.761,19.29,61.9,85.0,60.0,,85.96,
710.761,19.29,61.9,85.0,60.0,,85.96,
710.761,19.29,61.9,85.0,60.0,,85.96,
710.914,19.3,61.84,85.0,60.0,66.37,86.0,35.49
710.914,19.3,61.84,85.0,60.0,66.37,86.0,35.49
710.914,19.3,61.84,85.0,60.0,66.37,86.0,35.49
710.914,19.3,61.84,85.0,60.0,66.37,86.0,35.49
710.914,19.3,61.84,85.0,60.0,66.37,86.0,35.49
710.914,19.3,61.84,85.0,60.0,66.37,86.0,35.49
710.914,19.3,61.84,85.0,60.0,66.37,86.0,35.49
711.063,19.32,61.77,85.0,60.0,,86.02,
711.063,19.32,61.77,85.0,60.0,,86.02,
711.063,19.32,61.77,85.0,60.0,,86.02,
711.063,19.32,61.77,85.0,60.0,,86.02,
711.063,19.32,61.77,85.0,60.0,,86.02,
711.213,19.33,61.71,85.0,60.0,,86.06,
711.213,19.33,61.71,85.0,60.0,,86.06,
711.213,19.33,61.71,85.0,60.0,,86.06,
711.213,19.33,61.71,85.0,60.0,,86.06,
711.213,19.33,61.71,85.0,60.0,,86.06,
711.364,19.34,61.64,85.0,60.0,,86.11,
711.364,19.34,61.64,85.0,60.0,,86.11,
711.364,19.34,61.64,85.0,60.0,,86.11,
711.364,19.34,61.64,85.0,60.0,,86.11,
711.364,19.34,61.64,85.0,60.0,,86.11,
711.513,19.36,61.58,85.0,60.0,66.13,86.14,35.29
711.513,19.36,61.58,85.0,60.0,66.13,86.14,35.29
711.513,19.36,61.58,85.0,60.0,66.13,86.14,35.29
711.513,19.36,61.58,85.0,60.0,66.13,86.14,35.29
711.513,19.36,61.58,85.0,60.0,66.13,86.14,35.29
711.513,19.36,61.58,85.0,60.0,66.13,86.14,35.29
711.513,19.36,61.58,85.0,60.0,66.13,86.14,35.29
711.663,19.38,61.51,85.0,60.0,,86.18,
711.663,19.38,61.51,85.0,60.0,,86.18,
711.663,19.38,61.51,85.0,60.0,,86.18,
711.663,19.38,61.51,85.0,60.0,,86.18,
711.663,19.38,61.51,85.0,60.0,,86.18,
711.814,19.4,61.45,85.0,60.0,,86.22,
711.814,19.4,61.45,85.0,60.0,,86.22,
711.814,19.4,61.45,85.0,60.0,,86.22,
711.814,19.4,61.45,85.0,60.0,,86.22,
711.814,19.4,61.45,85.0,60.0,,86.22,
711.963,19.42,61.38,85.0,60.0,,86.26,
711.963,19.42,61.38,85.0,60.0,,86.26,
711.963,19.42,61.38,85.0,60.0,,86.26,
711.963,19.42,61.38,85.0,60.0,,86.26,
711.963,19.42,61.38,85.0,60.0,,86.26,
712.113,19.44,61.32,85.0,60.0,66.03,86.29,35.26
712.113,19.44,61.32,85.0,60.0,66.03,86.29,35.26
712.113,19.44,61.32,85.0,60.0,66.03,86.29,35.26
712.113,19.44,61.32,85.0,60.0,66.03,86.29,35.26
712.113,19.44,61.32,85.0,60.0,66.03,86.29,35.26
712.113,19.44,61.32,85.0,60.0,66.03,86.29,35.26
712.113,19.44,61.32,85.0,60.0,66.03,86.29,35.26
712.264,19.45,61.26,85.0,60.0,,86.33,
712.264,19.45,61.26,85.0,60.0,,86.33,
712.264,19.45,61.26,85.0,60.0,,86.33,
712.264,19.45,61.26,85.0,60.0,,86.33,
712.264,19.45,61.26,85.0,60.0,,86.33,
712.413,19.46,61.19,85.0,60.0,,86.37,
712.413,19.46,61.19,85.0,60.0,,86.37,
712.413,19.46,61.19,85.0,60.0,,86.37,
712.413,19.46,61.19,85.0,60.0,,86.37,
712.413,19.46,61.19,85.0,60.0,,86.37,
712.563,19.47,61.13,85.0,60.0,,86.41,
712.563,19.47,61.13,85.0,60.0,,86.41,
712.563,19.47,61.13,85.0,60.0,,86.41,
712.563,19.47,61.13,85.0,60.0,,86.41,
712.563,19.47,61.13,85.0,60.0,,86.41,
712.714,19.49,61.06,85.0,60.0,65.84,86.46,35.26
712.714,19.49,61.06,85.0,60.0,65.84,86.46,35.26
712.714,19.49,61.06,85.0,60.0,65.84,86.46,35.26
712.714,19.49,61.06,85.0,60.0,65.84,86.46,35.26
712.714,19.49,61.06,85.0,60.0,65.84,86.46,35.26
712.714,19.49,61.06,85.0,60.0,65.84,86.46,35.26
712.714,19.49,61.06,85.0,60.0,65.84,86.46,35.26
712.863,19.51,61.0,85.0,60.0,,86.51,
712.863,19.51,61.0,85.0,60.0,,86.51,
712.863,19.51,61.0,85.0,60.0,,86.51,
712.863,19.51,61.0,85.0,60.0,,86.51,
712.863,19.51,61.0,85.0,60.0,,86.51,
713.013,19.52,60.94,85.0,60.0,,86.53,
713.013,19.52,60.94,85.0,60.0,,86.53,
713.013,19.52,60.94,85.0,60.0,,86.53,
713.013,19.52,60.94,85.0,60.0,,86.53,
713.013,19.52,60.94,85.0,60.0,,86.53,
713.164,19.55,60.87,85.0,60.0,,86.58,
713.164,19.55,60.87,85.0,60.0,,86.58,
713.164,19.55,60.87,85.0,60.0,,86.58,
713.164,19.55,60.87,85.0,60.0,,86.58,
713.164,19.55,60.87,85.0,60.0,,86.58,
713.313,19.56,60.81,85.0,60.0,65.62,86.61,35.05
713.313,19.56,60.81,85.0,60.0,65.62,86.61,35.05
713.313,19.56,60.81,85.0,60.0,65.62,86.61,35.05
713.313,19.56,60.81,85.0,60.0,65.62,86.61,35.05
713.313,19.56,60.81,85.0,60.0,65.62,86.61,35.05
713.313,19.56,60.81,85.0,60.0,65.62,86.61,35.05
713.313,19.56,60.81,85.0,60.0,65.62,86.61,35.05
713.463,19.57,60.75,85.0,60.0,,86.66,
713.463,19.57,60.75,85.0,60.0,,86.66,
713.463,19.57,60.75,85.0,60.0,,86.66,
713.463,19.57,60.75,85.0,60.0,,86.66,
713.463,19.57,60.75,85.0,60.0,,86.66,
713.614,19.59,60.69,85.0,60.0,,86.69,
713.614,19.59,60.69,85.0,60.0,,86.69,
713.614,19.59,60.69,85.0,60.0,,86.69,
713.614,19.59,60.69,85.0,60.0,,86.69,
713.614,19.59,60.69,85.0,60.0,,86.69,
713.766,19.61,60.62,85.0,60.0,,86.74,
713.766,19.61,60.62,85.0,60.0,,86.74,
713.766,19.61,60.62,85.0,60.0,,86.74,
713.766,19.61,60.62,85.0,60.0,,86.74,
713.766,19.61,60.62,85.0,60.0,,86.74,
713.916,19.63,60.56,85.0,60.0,,86.76,
713.916,19.63,60.56,85.0,60.0,,86.76,
713.916,19.63,60.56,85.0,60.0,,86.76,
713.916,19.63,60.56,85.0,60.0,,86.76,
713.916,19.63,60.56,85.0,60.0,,86.76,
713.975,,,,,65.31,,34.92
713.975,,,,,65.31,,34.92
714.069,19.85,60.5,85.0,60.0,,86.8,
714.069,19.85,60.5,85.0,60.0,,86.8,
714.069,19.85,60.5,85.0,60.0,,86.8,
714.069,19.85,60.5,85.0,60.0,,86.8,
714.069,19.85,60.5,85.0,60.0,,86.8,
714.217,20.42,60.44,85.0,60.0,,86.81,
714.217,20.42,60.44,85.0,60.0,,86.81,
714.217,20.42,60.44,85.0,60.0,,86.81,
714.217,20.42,60.44,85.0,60.0,,86.81,
714.217,20.42,60.44,85.0,60.0,,86.81,
714.367,21.37,60.38,85.0,60.0,,86.78,
714.367,21.37,60.38,85.0,60.0,,86.78,
714.367,21.37,60.38,85.0,60.0,,86.78,
714.367,21.37,60.38,85.0,60.0,,86.78,
714.367,21.37,60.38,85.0,60.0,,86.78,
714.52,23.11,60.32,85.0,60.0,65.19,86.69,34.83
714.52,23.11,60.32,85.0,60.0,65.19,86.69,34.83
714.52,23.11,60.32,85.0,60.0,65.19,86.69,34.83
714.52,23.11,60.32,85.0,60.0,65.19,86.69,34.83
714.52,23.11,60.32,85.0,60.0,65.19,86.69,34.83
714.52,23.11,60.32,85.0,60.0,65.19,86.69,34.83
714.52,23.11,60.32,85.0,60.0,65.19,86.69,34.83
714.668,24.66,60.26,85.0,60.0,,86.58,
714.668,24.66,60.26,85.0,60.0,,86.58,
714.668,24.66,60.26,85.0,60.0,,86.58,
714.668,24.66,60.26,85.0,60.0,,86.58,
714.668,24.66,60.26,85.0,60.0,,86.58,
714.818,26.36,60.2,85.0,60.0,,86.44,
714.818,26.36,60.2,85.0,60.0,,86.44,
714.818,26.36,60.2,85.0,60.0,,86.44,
714.818,26.36,60.2,85.0,60.0,,86.44,
714.818,26.36,60.2,85.0,60.0,,86.44,
714.971,28.74,60.15,85.0,60.0,,86.24,
714.971,28.74,60.15,85.0,60.0,,86.24,
714.971,28.74,60.15,85.0,60.0,,86.24,
714.971,28.74,60.15,85.0,60.0,,86.24,
714.971,28.74,60.15,85.0,60.0,,86.24,
715.12,30.6,60.1,85.0,60.0,64.95,86.07,34.77
715.12,30.6,60.1,85.0,60.0,64.95,86.07,34.77
715.12,30.6,60.1,85.0,60.0,64.95,86.07,34.77
715.12,30.6,60.1,85.0,60.0,64.95,86.07,34.77
715.12,30.6,60.1,85.0,60.0,64.95,86.07,34.77
715.12,30.6,60.1,85.0,60.0,64.95,86.07,34.77
715.12,30.6,60.1,85.0,60.0,64.95,86.07,34.77
715.269,32.49,60.06,85.0,60.0,,85.88,
715.269,32.49,60.06,85.0,60.0,,85.88,
715.269,32.49,60.06,85.0,60.0,,85.88,
715.269,32.49,60.06,85.0,60.0,,85.88,
715.269,32.49,60.06,85.0,60.0,,85.88,
715.423,35.0,60.01,85.0,60.0,,85.62,
715.423,35.0,60.01,85.0,60.0,,85.62,
715.423,35.0,60.01,85.0,60.0,,85.62,
715.423,35.0,60.01,85.0,60.0,,85.62,
715.423,35.0,60.01,85.0,60.0,,85.62,
715.571,36.87,59.97,85.0,60.0,,85.42,
715.571,36.87,59.97,85.0,60.0,,85.42,
715.571,36.87,59.97,85.0,60.0,,85.42,
715.571,36.87,59.97,85.0,60.0,,85.42,
715.571,36.87,59.97,85.0,60.0,,85.42,
715.721,38.74,59.93,85.0,60.0,64.91,85.18,34.83
715.721,38.74,59.93,85.0,60.0,64.91,85.18,34.83
715.721,38.74,59.93,85.0,60.0,64.91,85.18,34.83
715.721,38.74,59.93,85.0,60.0,64.91,85.18,34.83
715.721,38.74,59.93,85.0,60.0,64.91,85.18,34.83
715.721,38.74,59.93,85.0,60.0,64.91,85.18,34.83
715.721,38.74,59.93,85.0,60.0,64.91,85.18,34.83
715.874,41.21,59.89,85.0,60.0,,84.9,
715.874,41.21,59.89,85.0,60.0,,84.9,
715.874,41.21,59.89,85.0,60.0,,84.9,
715.874,41.21,59.89,85.0,60.0,,84.9,
715.874,41.21,59.89,85.0,60.0,,84.9,
716.026,43.02,59.86,85.0,60.0,,84.68,
716.026,43.02,59.86,85.0,60.0,,84.68,
716.026,43.02,59.86,85.0,60.0,,84.68,
716.026,43.02,59.86,85.0,60.0,,84.68,
716.026,43.02,59.86,85.0,60.0,,84.68,
716.176,44.82,59.83,85.0,60.0,,84.47,
716.176,44.82,59.83,85.0,60.0,,84.47,
716.176,44.82,59.83,85.0,60.0,,84.47,
716.176,44.82,59.83,85.0,60.0,,84.47,
716.176,44.82,59.83,85.0,60.0,,84.47,
716.329,47.2,59.8,85.0,60.0,64.53,84.17,34.65
716.329,47.2,59.8,85.0,60.0,64.53,84.17,34.65
716.329,47.2,59.8,85.0,60.0,64.53,84.17,34.65
716.329,47.2,59.8,85.0,60.0,64.53,84.17,34.65
716.329,47.2,59.8,85.0,60.0,64.53,84.17,34.65
716.329,47.2,59.8,85.0,60.0,64.53,84.17,34.65
716.329,47.2,59.8,85.0,60.0,64.53,84.17,34.65
716.473,48.95,59.77,60.0,60.0,,83.94,
716.473,48.95,59.77,60.0,60.0,,83.94,
716.473,48.95,59.77,60.0,60.0,,83.94,
716.473,48.95,59.77,60.0,60.0,,83.94,
716.473,48.95,59.77,60.0,60.0,,83.94,
716.623,50.66,59.75,60.0,60.0,,83.71,
716.623,50.66,59.75,60.0,60.0,,83.71,
716.623,50.66,59.75,60.0,60.0,,83.71,
716.623,50.66,59.75,60.0,60.0,,83.71,
716.623,50.66,59.75,60.0,60.0,,83.71,
716.774,52.89,59.73,60.0,60.0,,83.42,
716.774,52.89,59.73,60.0,60.0,,83.42,
716.774,52.89,59.73,60.0,60.0,,83.42,
716.774,52.89,59.73,60.0,60.0,,83.42,
716.774,52.89,59.73,60.0,60.0,,83.42,
716.923,54.55,59.71,60.0,60.0,64.41,83.2,34.57
716.923,54.55,59.71,60.0,60.0,64.41,83.2,34.57
716.923,54.55,59.71,60.0,60.0,64.41,83.2,34.57
716.923,54.55,59.71,60.0,60.0,64.41,83.2,34.57
716.923,54.55,59.71,60.0,60.0,64.41,83.2,34.57
716.923,54.55,59.71,60.0,60.0,64.41,83.2,34.57
716.923,54.55,59.71,60.0,60.0,64.41,83.2,34.57
717.073,56.18,59.7,60.0,60.0,,82.99,
717.073,56.18,59.7,60.0,60.0,,82.99,
717.073,56.18,59.7,60.0,60.0,,82.99,
717.073,56.18,59.7,60.0,60.0,,82.99,
717.073,56.18,59.7,60.0,60.0,,82.99,
717.225,58.3,59.68,60.0,60.0,,82.71,
717.225,58.3,59.68,60.0,60.0,,82.71,
717.225,58.3,59.68,60.0,60.0,,82.71,
717.225,58.3,59.68,60.0,60.0,,82.71,
717.225,58.3,59.68,60.0,60.0,,82.71,
717.374,59.88,59.67,60.0,60.0,,82.49,
717.374,59.88,59.67,60.0,60.0,,82.49,
717.374,59.88,59.67,60.0,60.0,,82.49,
717.374,59.88,59.67,60.0,60.0,,82.49,
717.374,59.88,59.67,60.0,60.0,,82.49,
717.523,61.42,59.66,60.0,60.0,64.08,82.28,34.53
717.523,61.42,59.66,60.0,60.0,64.08,82.28,34.53
717.523,61.42,59.66,60.0,60.0,64.08,82.28,34.53
717.523,61.42,59.66,60.0,60.0,64.08,82.28,34.53
717.523,61.42,59.66,60.0,60.0,64.08,82.28,34.53
717.523,61.42,59.66,60.0,60.0,64.08,82.28,34.53
717.523,61.42,59.66,60.0,60.0,64.08,82.28,34.53
717.676,63.43,59.65,60.0,60.0,,81.99,
717.676,63.43,59.65,60.0,60.0,,81.99,
717.676,63.43,59.65,60.0,60.0,,81.99,
717.676,63.43,59.65,60.0,60.0,,81.99,
717.676,63.43,59.65,60.0,60.0,,81.99,
717.825,64.92,59.65,60.0,60.0,,81.79,
717.825,64.92,59.65,60.0,60.0,,81.79,
717.825,64.92,59.65,60.0,60.0,,81.79,
717.825,64.92,59.65,60.0,60.0,,81.79,
717.825,64.92,59.65,60.0,60.0,,81.79,
717.975,66.39,59.65,60.0,60.0,,81.6,
717.975,66.39,59.65,60.0,60.0,,81.6,
717.975,66.39,59.65,60.0,60.0,,81.6,
717.975,66.39,59.65,60.0,60.0,,81.6,
717.975,66.39,59.65,60.0,60.0,,81.6,
718.128,68.28,59.65,60.0,60.0,64.07,81.31,34.67
718.128,68.28,59.65,60.0,60.0,64.07,81.31,34.67
718.128,68.28,59.65,60.0,60.0,64.07,81.31,34.67
718.128,68.28,59.65,60.0,60.0,64.07,81.31,34.67
718.128,68.28,59.65,60.0,60.0,64.07,81.31,34.67
718.128,68.28,59.65,60.0,60.0,64.07,81.31,34.67
718.128,68.28,59.65,60.0,60.0,64.07,81.31,34.67
718.276,69.68,59.65,60.0,60.0,,81.12,
718.276,69.68,59.65,60.0,60.0,,81.12,
718.276,69.68,59.65,60.0,60.0,,81.12,
718.276,69.68,59.65,60.0,60.0,,81.12,
718.276,69.68,59.65,60.0,60.0,,81.12,
718.426,71.06,59.66,60.0,60.0,,80.93,
718.426,71.06,59.66,60.0,60.0,,80.93,
718.426,71.06,59.66,60.0,60.0,,80.93,
718.426,71.06,59.66,60.0,60.0,,80.93,
718.426,71.06,59.66,60.0,60.0,,80.93,
718.578,72.89,59.66,60.0,60.0,,80.66,
718.578,72.89,59.66,60.0,60.0,,80.66,
718.578,72.89,59.66,60.0,60.0,,80.66,
718.578,72.89,59.66,60.0,60.0,,80.66,
718.578,72.89,59.66,60.0,60.0,,80.66,
718.727,74.23,59.67,60.0,60.0,63.77,80.47,34.69
718.727,74.23,59.67,60.0,60.0,63.77,80.47,34.69
718.727,74.23,59.67,60.0,60.0,63.77,80.47,34.69
718.727,74.23,59.67,60.0,60.0,63.77,80.47,34.69
718.727,74.23,59.67,60.0,60.0,63.77,80.47,34.69
718.727,74.23,59.67,60.0,60.0,63.77,80.47,34.69
718.727,74.23,59.67,60.0,60.0,63.77,80.47,34.69
718.876,75.53,59.68,60.0,60.0,,80.27,
718.876,75.53,59.68,60.0,60.0,,80.27,
718.876,75.53,59.68,60.0,60.0,,80.27,
718.876,75.53,59.68,60.0,60.0,,80.27,
718.876,75.53,59.68,60.0,60.0,,80.27,
719.028,77.22,59.69,60.0,60.0,,80.01,
719.028,77.22,59.69,60.0,60.0,,80.01,
719.028,77.22,59.69,60.0,60.0,,80.01,
719.028,77.22,59.69,60.0,60.0,,80.01,
719.028,77.22,59.69,60.0,60.0,,80.01,
719.176,78.41,59.71,60.0,60.0,,79.83,
719.176,78.41,59.71,60.0,60.0,,79.83,
719.176,78.41,59.71,60.0,60.0,,79.83,
719.176,78.41,59.71,60.0,60.0,,79.83,
719.176,78.41,59.71,60.0,60.0,,79.83,
719.326,79.5,59.72,60.0,60.0,63.6,79.64,34.75
719.326,79.5,59.72,60.0,60.0,63.6,79.64,34.75
719.326,79.5,59.72,60.0,60.0,63.6,79.64,34.75
719.326,79.5,59.72,60.0,60.0,63.6,79.64,34.75
719.326,79.5,59.72,60.0,60.0,63.6,79.64,34.75
719.326,79.5,59.72,60.0,60.0,63.6,79.64,34.75
719.326,79.5,59.72,60.0,60.0,63.6,79.64,34.75
719.481,80.44,59.74,60.0,60.0,,79.46,
719.481,80.44,59.74,60.0,60.0,,79.46,
719.481,80.44,59.74,60.0,60.0,,79.46,
719.481,80.44,59.74,60.0,60.0,,79.46,
719.481,80.44,59.74,60.0,60.0,,79.46,
719.626,81.4,59.76,60.0,60.0,,79.25,
719.626,81.4,59.76,60.0,60.0,,79.25,
719.626,81.4,59.76,60.0,60.0,,79.25,
719.626,81.4,59.76,60.0,60.0,,79.25,
719.626,81.4,59.76,60.0,60.0,,79.25,
719.776,81.89,59.78,60.0,60.0,,79.08,
719.776,81.89,59.78,60.0,60.0,,79.08,
719.776,81.89,59.78,60.0,60.0,,79.08,
719.776,81.89,59.78,60.0,60.0,,79.08,
719.776,81.89,59.78,60.0,60.0,,79.08,
719.931,82.17,59.8,60.0,60.0,63.32,78.93,34.91
719.931,82.17,59.8,60.0,60.0,63.32,78.93,34.91
719.931,82.17,59.8,60.0,60.0,63.32,78.93,34.91
719.931,82.17,59.8,60.0,60.0,63.32,78.93,34.91
719.931,82.17,59.8,60.0,60.0,63.32,78.93,34.91
719.931,82.17,59.8,60.0,60.0,63.32,78.93,34.91
719.931,82.17,59.8,60.0,60.0,63.32,78.93,34.91
720.076,82.28,59.82,60.0,60.0,,78.77,
720.076,82.28,59.82,60.0,60.0,,78.77,
720.076,82.28,59.82,60.0,60.0,,78.77,
720.076,82.28,59.82,60.0,60.0,,78.77,
720.076,82.28,59.82,60.0,60.0,,78.77,
720.227,82.16,59.84,60.0,60.0,,78.65,
720.227,82.16,59.84,60.0,60.0,,78.65,
720.227,82.16,59.84,60.0,60.0,,78.65,
720.227,82.16,59.84,60.0,60.0,,78.65,
720.227,82.16,59.84,60.0,60.0,,78.65,
720.381,81.89,59.86,60.0,60.0,,78.54,
720.381,81.89,59.86,60.0,60.0,,78.54,
720.381,81.89,59.86,60.0,60.0,,78.54,
720.381,81.89,59.86,60.0,60.0,,78.54,
720.381,81.89,59.86,60.0,60.0,,78.54,
720.527,81.37,59.88,60.0,60.0,63.22,78.43,35.13
720.527,81.37,59.88,60.0,60.0,63.22,78.43,35.13
720.527,81.37,59.88,60.0,60.0,63.22,78.43,35.13
720.527,81.37,59.88,60.0,60.0,63.22,78.43,35.13
720.527,81.37,59.88,60.0,60.0,63.22,78.43,35.13
720.527,81.37,59.88,60.0,60.0,63.22,78.43,35.13
720.527,81.37,59.88,60.0,60.0,63.22,78.43,35.13
720.677,80.86,59.9,60.0,60.0,,78.36,
720.677,80.86,59.9,60.0,60.0,,78.36,
720.677,80.86,59.9,60.0,60.0,,78.36,
720.677,80.86,59.9,60.0,60.0,,78.36,
720.677,80.86,59.9,60.0,60.0,,78.36,
720.831,80.27,59.92,60.0,60.0,,78.32,
720.831,80.27,59.92,60.0,60.0,,78.32,
720.831,80.27,59.92,60.0,60.0,,78.32,
720.831,80.27,59.92,60.0,60.0,,78.32,
720.831,80.27,59.92,60.0,60.0,,78.32,
720.977,79.39,59.94,60.0,60.0,,78.27,
720.977,79.39,59.94,60.0,60.0,,78.27,
720.977,79.39,59.94,60.0,60.0,,78.27,
720.977,79.39,59.94,60.0,60.0,,78.27,
720.977,79.39,59.94,60.0,60.0,,78.27,
721.127,78.7,59.95,60.0,60.0,62.88,78.26,35.29
721.127,78.7,59.95,60.0,60.0,62.88,78.26,35.29
721.127,78.7,59.95,60.0,60.0,62.88,78.26,35.29
721.127,78.7,59.95,60.0,60.0,62.88,78.26,35.29
721.127,78.7,59.95,60.0,60.0,62.88,78.26,35.29
721.127,78.7,59.95,60.0,60.0,62.88,78.26,35.29
721.127,78.7,59.95,60.0,60.0,62.88,78.26,35.29
721.281,77.97,59.97,60.0,60.0,,78.27,
721.281,77.97,59.97,60.0,60.0,,78.27,
721.281,77.97,59.97,60.0,60.0,,78.27,
721.281,77.97,59.97,60.0,60.0,,78.27,
721.281,77.97,59.97,60.0,60.0,,78.27,
721.427,76.99,59.98,60.0,60.0,,78.28,
721.427,76.99,59.98,60.0,60.0,,78.28,
721.427,76.99,59.98,60.0,60.0,,78.28,
721.427,76.99,59.98,60.0,60.0,,78.28,
721.427,76.99,59.98,60.0,60.0,,78.28,
721.577,76.24,59.99,60.0,60.0,,78.32,
721.577,76.24,59.99,60.0,60.0,,78.32,
721.577,76.24,59.99,60.0,60.0,,78.32,
721.577,76.24,59.99,60.0,60.0,,78.32,
721.577,76.24,59.99,60.0,60.0,,78.32,
721.731,75.49,60.0,60.0,60.0,62.79,78.35,35.55
721.731,75.49,60.0,60.0,60.0,62.79,78.35,35.55
721.731,75.49,60.0,60.0,60.0,62.79,78.35,35.55
721.731,75.49,60.0,60.0,60.0,62.79,78.35,35.55
721.731,75.49,60.0,60.0,60.0,62.79,78.35,35.55
721.731,75.49,60.0,60.0,60.0,62.79,78.35,35.55
721.731,75.49,60.0,60.0,60.0,62.79,78.35,35.55
721.877,74.5,60.01,60.0,60.0,,78.41,
721.877,74.5,60.01,60.0,60.0,,78.41,
721.877,74.5,60.01,60.0,60.0,,78.41,
721.877,74.5,60.01,60.0,60.0,,78.41,
721.877,74.5,60.01,60.0,60.0,,78.41,
722.027,73.77,60.02,60.0,60.0,,78.48,
722.027,73.77,60.02,60.0,60.0,,78.48,
722.027,73.77,60.02,60.0,60.0,,78.48,
722.027,73.77,60.02,60.0,60.0,,78.48,
722.027,73.77,60.02,60.0,60.0,,78.48,
722.181,73.05,60.03,60.0,60.0,,78.53,
722.181,73.05,60.03,60.0,60.0,,78.53,
722.181,73.05,60.03,60.0,60.0,,78.53,
722.181,73.05,60.03,60.0,60.0,,78.53,
722.181,73.05,60.03,60.0,60.0,,78.53,
722.327,,,,,62.53,,35.78
722.327,,,,,62.53,,35.78
722.343,72.35,60.03,60.0,60.0,,78.59,
722.343,72.35,60.03,60.0,60.0,,78.59,
722.343,72.35,60.03,60.0,60.0,,78.59,
722.343,72.35,60.03,60.0,60.0,,78.59,
722.343,72.35,60.03,60.0,60.0,,78.59,
722.493,71.48,60.04,60.0,60.0,,78.67,
722.493,71.48,60.04,60.0,60.0,,78.67,
722.493,71.48,60.04,60.0,60.0,,78.67,
722.493,71.48,60.04,60.0,60.0,,78.67,
722.493,71.48,60.04,60.0,60.0,,78.67,
722.645,70.58,60.04,60.0,60.0,,78.76,
722.645,70.58,60.04,60.0,60.0,,78.76,
722.645,70.58,60.04,60.0,60.0,,78.76,
722.645,70.58,60.04,60.0,60.0,,78.76,
722.645,70.58,60.04,60.0,60.0,,78.76,
722.795,69.97,60.05,60.0,60.0,62.35,78.81,35.96
722.795,69.97,60.05,60.0,60.0,62.35,78.81,35.96
722.795,69.97,60.05,60.0,60.0,62.35,78.81,35.96
722.795,69.97,60.05,60.0,60.0,62.35,78.81,35.96
722.795,69.97,60.05,60.0,60.0,62.35,78.81,35.96
722.795,69.97,60.05,60.0,60.0,62.35,78.81,35.96
722.795,69.97,60.05,60.0,60.0,62.35,78.81,35.96
722.945,69.39,60.05,60.0,60.0,,78.86,
722.945,69.39,60.05,60.0,60.0,,78.86,
722.945,69.39,60.05,60.0,60.0,,78.86,
722.945,69.39,60.05,60.0,60.0,,78.86,
722.945,69.39,60.05,60.0,60.0,,78.86,
723.095,68.68,60.05,60.0,60.0,,78.94,
723.095,68.68,60.05,60.0,60.0,,78.94,
723.095,68.68,60.05,60.0,60.0,,78.94,
723.095,68.68,60.05,60.0,60.0,,78.94,
723.095,68.68,60.05,60.0,60.0,,78.94,
723.245,68.17,60.05,60.0,60.0,,78.97,
723.245,68.17,60.05,60.0,60.0,,78.97,
723.245,68.17,60.05,60.0,60.0,,78.97,
723.245,68.17,60.05,60.0,60.0,,78.97,
723.245,68.17,60.05,60.0,60.0,,78.97,
723.394,67.71,60.05,60.0,60.0,62.06,79.01,36.28
723.394,67.71,60.05,60.0,60.0,62.06,79.01,36.28
723.394,67.71,60.05,60.0,60.0,62.06,79.01,36.28
723.394,67.71,60.05,60.0,60.0,62.06,79.01,36.28
723.394,67.71,60.05,60.0,60.0,62.06,79.01,36.28
723.394,67.71,60.05,60.0,60.0,62.06,79.01,36.28
723.394,67.71,60.05,60.0,60.0,62.06,79.01,36.28
723.545,67.14,60.05,60.0,60.0,,79.05,
723.545,67.14,60.05,60.0,60.0,,79.05,
723.545,67.14,60.05,60.0,60.0,,79.05,
723.545,67.14,60.05,60.0,60.0,,79.05,
723.545,67.14,60.05,60.0,60.0,,79.05,
723.694,66.76,60.05,60.0,60.0,,79.07,
723.694,66.76,60.05,60.0,60.0,,79.07,
723.694,66.76,60.05,60.0,60.0,,79.07,
723.694,66.76,60.05,60.0,60.0,,79.07,
723.694,66.76,60.05,60.0,60.0,,79.07,
723.844,66.4,60.05,60.0,60.0,,79.08,
723.844,66.4,60.05,60.0,60.0,,79.08,
723.844,66.4,60.05,60.0,60.0,,79.08,
723.844,66.4,60.05,60.0,60.0,,79.08,
723.844,66.4,60.05,60.0,60.0,,79.08,
723.995,66.0,60.04,60.0,60.0,,79.08,
723.995,66.0,60.04,60.0,60.0,,79.08,
723.995,66.0,60.04,60.0,60.0,,79.08,
723.995,66.0,60.04,60.0,60.0,,79.08,
723.995,66.0,60.04,60.0,60.0,,79.08,
724.048,,,,,61.97,,36.46
724.048,,,,,61.97,,36.46
724.145,65.74,60.04,60.0,60.0,,79.08,
724.145,65.74,60.04,60.0,60.0,,79.08,
724.145,65.74,60.04,60.0,60.0,,79.08,
724.145,65.74,60.04,60.0,60.0,,79.08,
724.145,65.74,60.04,60.0,60.0,,79.08,
724.294,65.51,60.04,60.0,60.0,,79.05,
724.294,65.51,60.04,60.0,60.0,,79.05,
724.294,65.51,60.04,60.0,60.0,,79.05,
724.294,65.51,60.04,60.0,60.0,,79.05,
724.294,65.51,60.04,60.0,60.0,,79.05,
724.444,65.26,60.03,60.0,60.0,,79.0,
724.444,65.26,60.03,60.0,60.0,,79.0,
724.444,65.26,60.03,60.0,60.0,,79.0,
724.444,65.26,60.03,60.0,60.0,,79.0,
724.444,65.26,60.03,60.0,60.0,,79.0,
724.594,65.12,60.03,60.0,60.0,61.79,78.97,36.9
724.594,65.12,60.03,60.0,60.0,61.79,78.97,36.9
724.594,65.12,60.03,60.0,60.0,61.79,78.97,36.9
724.594,65.12,60.03,60.0,60.0,61.79,78.97,36.9
724.594,65.12,60.03,60.0,60.0,61.79,78.97,36.9
724.594,65.12,60.03,60.0,60.0,61.79,78.97,36.9
724.594,65.12,60.03,60.0,60.0,61.79,78.97,36.9
724.744,65.0,60.03,60.0,60.0,,78.93,
724.744,65.0,60.03,60.0,60.0,,78.93,
724.744,65.0,60.03,60.0,60.0,,78.93,
724.744,65.0,60.03,60.0,60.0,,78.93,
724.744,65.0,60.03,60.0,60.0,,78.93,
724.894,64.88,60.02,60.0,60.0,,78.86,
724.894,64.88,60.02,60.0,60.0,,78.86,
724.894,64.88,60.02,60.0,60.0,,78.86,
724.894,64.88,60.02,60.0,60.0,,78.86,
724.894,64.88,60.02,60.0,60.0,,78.86,
725.044,64.82,60.02,60.0,60.0,,78.8,
725.044,64.82,60.02,60.0,60.0,,78.8,
725.044,64.82,60.02,60.0,60.0,,78.8,
725.044,64.82,60.02,60.0,60.0,,78.8,
725.044,64.82,60.02,60.0,60.0,,78.8,
725.195,64.79,60.01,60.0,60.0,61.58,78.74,37.02
725.195,64.79,60.01,60.0,60.0,61.58,78.74,37.02
725.195,64.79,60.01,60.0,60.0,61.58,78.74,37.02
725.195,64.79,60.01,60.0,60.0,61.58,78.74,37.02
725.195,64.79,60.01,60.0,60.0,61.58,78.74,37.02
725.195,64.79,60.01,60.0,60.0,61.58,78.74,37.02
725.195,64.79,60.01,60.0,60.0,61.58,78.74,37.02
725.346,64.78,60.01,60.0,60.0,,78.65,
725.346,64.78,60.01,60.0,60.0,,78.65,
725.346,64.78,60.01,60.0,60.0,,78.65,
725.346,64.78,60.01,60.0,60.0,,78.65,
725.346,64.78,60.01,60.0,60.0,,78.65,
725.496,64.8,60.01,60.0,60.0,,78.58,
725.496,64.8,60.01,60.0,60.0,,78.58,
725.496,64.8,60.01,60.0,60.0,,78.58,
725.496,64.8,60.01,60.0,60.0,,78.58,
725.496,64.8,60.01,60.0,60.0,,78.58,
725.646,64.84,60.0,60.0,60.0,,78.5,
725.646,64.84,60.0,60.0,60.0,,78.5,
725.646,64.84,60.0,60.0,60.0,,78.5,
725.646,64.84,60.0,60.0,60.0,,78.5,
725.646,64.84,60.0,60.0,60.0,,78.5,
725.796,64.96,60.0,60.0,60.0,61.33,78.38,37.43
725.796,64.96,60.0,60.0,60.0,61.33,78.38,37.43
725.796,64.96,60.0,60.0,60.0,61.33,78.38,37.43
725.796,64.96,60.0,60.0,60.0,61.33,78.38,37.43
725.796,64.96,60.0,60.0,60.0,61.33,78.38,37.43
725.796,64.96,60.0,60.0,60.0,61.33,78.38,37.43
725.796,64.96,60.0,60.0,60.0,61.33,78.38,37.43
725.946,65.08,59.99,60.0,60.0,,78.29,
725.946,65.08,59.99,60.0,60.0,,78.29,
725.946,65.08,59.99,60.0,60.0,,78.29,
725.946,65.08,59.99,60.0,60.0,,78.29,
725.946,65.08,59.99,60.0,60.0,,78.29,
726.096,65.21,59.99,60.0,60.0,,78.2,
726.096,65.21,59.99,60.0,60.0,,78.2,
726.096,65.21,59.99,60.0,60.0,,78.2,
726.096,65.21,59.99,60.0,60.0,,78.2,
726.096,65.21,59.99,60.0,60.0,,78.2,
726.246,65.42,59.99,60.0,60.0,,78.07,
726.246,65.42,59.99,60.0,60.0,,78.07,
726.246,65.42,59.99,60.0,60.0,,78.07,
726.246,65.42,59.99,60.0,60.0,,78.07,
726.246,65.42,59.99,60.0,60.0,,78.07,
726.396,65.6,59.98,60.0,60.0,61.18,77.96,37.58
726.396,65.6,59.98,60.0,60.0,61.18,77.96,37.58
726.396,65.6,59.98,60.0,60.0,61.18,77.96,37.58
726.396,65.6,59.98,60.0,60.0,61.18,77.96,37.58
726.396,65.6,59.98,60.0,60.0,61.18,77.96,37.58
726.396,65.6,59.98,60.0,60.0,61.18,77.96,37.58
726.396,65.6,59.98,60.0,60.0,61.18,77.96,37.58
726.546,65.8,59.98,60.0,60.0,,77.85,
726.546,65.8,59.98,60.0,60.0,,77.85,
726.546,65.8,59.98,60.0,60.0,,77.85,
726.546,65.8,59.98,60.0,60.0,,77.85,
726.546,65.8,59.98,60.0,60.0,,77.85,
726.698,66.05,59.98,60.0,60.0,,77.71,
726.698,66.05,59.98,60.0,60.0,,77.71,
726.698,66.05,59.98,60.0,60.0,,77.71,
726.698,66.05,59.98,60.0,60.0,,77.71,
726.698,66.05,59.98,60.0,60.0,,77.71,
726.848,66.25,59.98,60.0,60.0,,77.6,
726.848,66.25,59.98,60.0,60.0,,77.6,
726.848,66.25,59.98,60.0,60.0,,77.6,
726.848,66.25,59.98,60.0,60.0,,77.6,
726.848,66.25,59.98,60.0,60.0,,77.6,
726.998,66.45,59.97,60.0,60.0,61.0,77.5,38.01
726.998,66.45,59.97,60.0,60.0,61.0,77.5,38.01
726.998,66.45,59.97,60.0,60.0,61.0,77.5,38.01
726.998,66.45,59.97,60.0,60.0,61.0,77.5,38.01
726.998,66.45,59.97,60.0,60.0,61.0,77.5,38.01
726.998,66.45,59.97,60.0,60.0,61.0,77.5,38.01
726.998,66.45,59.97,60.0,60.0,61.0,77.5,38.01
727.148,66.72,59.97,60.0,60.0,,77.35,
727.148,66.72,59.97,60.0,60.0,,77.35,
727.148,66.72,59.97,60.0,60.0,,77.35,
727.148,66.72,59.97,60.0,60.0,,77.35,
727.148,66.72,59.97,60.0,60.0,,77.35,
727.298,66.89,59.97,60.0,60.0,,77.23,
727.298,66.89,59.97,60.0,60.0,,77.23,
727.298,66.89,59.97,60.0,60.0,,77.23,
727.298,66.89,59.97,60.0,60.0,,77.23,
727.298,66.89,59.97,60.0,60.0,,77.23,
727.448,67.06,59.97,60.0,60.0,,77.12,
727.448,67.06,59.97,60.0,60.0,,77.12,
727.448,67.06,59.97,60.0,60.0,,77.12,
727.448,67.06,59.97,60.0,60.0,,77.12,
727.448,67.06,59.97,60.0,60.0,,77.12,
727.598,67.3,59.97,60.0,60.0,60.84,76.98,38.07
727.598,67.3,59.97,60.0,60.0,60.84,76.98,38.07
727.598,67.3,59.97,60.0,60.0,60.84,76.98,38.07
727.598,67.3,59.97,60.0,60.0,60.84,76.98,38.07
727.598,67.3,59.97,60.0,60.0,60.84,76.98,38.07
727.598,67.3,59.97,60.0,60.0,60.84,76.98,38.07
727.598,67.3,59.97,60.0,60.0,60.84,76.98,38.07
727.748,67.46,59.97,60.0,60.0,,76.86,
727.748,67.46,59.97,60.0,60.0,,76.86,
727.748,67.46,59.97,60.0,60.0,,76.86,
727.748,67.46,59.97,60.0,60.0,,76.86,
727.748,67.46,59.97,60.0,60.0,,76.86,
727.898,67.61,59.97,60.0,60.0,,76.76,
727.898,67.61,59.97,60.0,60.0,,76.76,
727.898,67.61,59.97,60.0,60.0,,76.76,
727.898,67.61,59.97,60.0,60.0,,76.76,
727.898,67.61,59.97,60.0,60.0,,76.76,
728.048,67.78,59.97,60.0,60.0,,76.62,
728.048,67.78,59.97,60.0,60.0,,76.62,
728.048,67.78,59.97,60.0,60.0,,76.62,
728.048,67.78,59.97,60.0,60.0,,76.62,
728.048,67.78,59.97,60.0,60.0,,76.62,
728.198,67.88,59.97,60.0,60.0,60.62,76.52,38.46
728.198,67.88,59.97,60.0,60.0,60.62,76.52,38.46
728.198,67.88,59.97,60.0,60.0,60.62,76.52,38.46
728.198,67.88,59.97,60.0,60.0,60.62,76.52,38.46
728.198,67.88,59.97,60.0,60.0,60.62,76.52,38.46
728.198,67.88,59.97,60.0,60.0,60.62,76.52,38.46
728.198,67.88,59.97,60.0,60.0,60.62,76.52,38.46
728.348,67.97,59.97,60.0,60.0,,76.42,
728.348,67.97,59.97,60.0,60.0,,76.42,
728.348,67.97,59.97,60.0,60.0,,76.42,
728.348,67.97,59.97,60.0,60.0,,76.42,
728.348,67.97,59.97,60.0,60.0,,76.42,
728.498,68.07,59.97,60.0,60.0,,76.28,
728.498,68.07,59.97,60.0,60.0,,76.28,
728.498,68.07,59.97,60.0,60.0,,76.28,
728.498,68.07,59.97,60.0,60.0,,76.28,
728.498,68.07,59.97,60.0,60.0,,76.28,
728.648,68.13,59.97,60.0,60.0,,76.17,
728.648,68.13,59.97,60.0,60.0,,76.17,
728.648,68.13,59.97,60.0,60.0,,76.17,
728.648,68.13,59.97,60.0,60.0,,76.17,
728.648,68.13,59.97,60.0,60.0,,76.17,
728.798,68.19,59.97,60.0,60.0,,76.1,
728.798,68.19,59.97,60.0,60.0,,76.1,
728.798,68.19,59.97,60.0,60.0,,76.1,
728.798,68.19,59.97,60.0,60.0,,76.1,
728.798,68.19,59.97,60.0,60.0,,76.1,
728.95,68.25,59.97,60.0,60.0,60.51,75.97,38.7
728.95,68.25,59.97,60.0,60.0,60.51,75.97,38.7
728.95,68.25,59.97,60.0,60.0,60.51,75.97,38.7
728.95,68.25,59.97,60.0,60.0,60.51,75.97,38.7
728.95,68.25,59.97,60.0,60.0,60.51,75.97,38.7
728.95,68.25,59.97,60.0,60.0,60.51,75.97,38.7
728.95,68.25,59.97,60.0,60.0,60.51,75.97,38.7
729.1,68.28,59.97,60.0,60.0,,75.86,
729.1,68.28,59.97,60.0,60.0,,75.86,
729.1,68.28,59.97,60.0,60.0,,75.86,
729.1,68.28,59.97,60.0,60.0,,75.86,
729.1,68.28,59.97,60.0,60.0,,75.86,
729.25,68.28,59.97,60.0,60.0,,75.75,
729.25,68.28,59.97,60.0,60.0,,75.75,
729.25,68.28,59.97,60.0,60.0,,75.75,
729.25,68.28,59.97,60.0,60.0,,75.75,
729.25,68.28,59.97,60.0,60.0,,75.75,
729.4,68.27,59.97,60.0,60.0,,75.64,
729.4,68.27,59.97,60.0,60.0,,75.64,
729.4,68.27,59.97,60.0,60.0,,75.64,
729.4,68.27,59.97,60.0,60.0,,75.64,
729.4,68.27,59.97,60.0,60.0,,75.64,
729.55,68.25,59.97,60.0,60.0,60.37,75.55,39.04
729.55,68.25,59.97,60.0,60.0,60.37,75.55,39.04
729.55,68.25,59.97,60.0,60.0,60.37,75.55,39.04
729.55,68.25,59.97,60.0,60.0,60.37,75.55,39.04
729.55,68.25,59.97,60.0,60.0,60.37,75.55,39.04
729.55,68.25,59.97,60.0,60.0,60.37,75.55,39.04
729.55,68.25,59.97,60.0,60.0,60.37,75.55,39.04
729.7,68.23,59.97,60.0,60.0,,75.48,
729.7,68.23,59.97,60.0,60.0,,75.48,
729.7,68.23,59.97,60.0,60.0,,75.48,
729.7,68.23,59.97,60.0,60.0,,75.48,
729.7,68.23,59.97,60.0,60.0,,75.48,
729.852,68.2,59.97,60.0,60.0,,75.37,
729.852,68.2,59.97,60.0,60.0,,75.37,
729.852,68.2,59.97,60.0,60.0,,75.37,
729.852,68.2,59.97,60.0,60.0,,75.37,
729.852,68.2,59.97,60.0,60.0,,75.37,
730.002,68.18,59.97,60.0,60.0,,75.29,
730.002,68.18,59.97,60.0,60.0,,75.29,
730.002,68.18,59.97,60.0,60.0,,75.29,
730.002,68.18,59.97,60.0,60.0,,75.29,
730.002,68.18,59.97,60.0,60.0,,75.29,
730.152,68.15,59.97,60.0,60.0,60.3,75.21,39.35
730.152,68.15,59.97,60.0,60.0,60.3,75.21,39.35
730.152,68.15,59.97,60.0,60.0,60.3,75.21,39.35
730.152,68.15,59.97,60.0,60.0,60.3,75.21,39.35
730.152,68.15,59.97,60.0,60.0,60.3,75.21,39.35
730.152,68.15,59.97,60.0,60.0,60.3,75.21,39.35
730.152,68.15,59.97,60.0,60.0,60.3,75.21,39.35
730.302,68.1,59.97,60.0,60.0,,75.09,
730.302,68.1,59.97,60.0,60.0,,75.09,
730.302,68.1,59.97,60.0,60.0,,75.09,
730.302,68.1,59.97,60.0,60.0,,75.09,
730.302,68.1,59.97,60.0,60.0,,75.09,
730.452,68.08,59.97,60.0,60.0,,75.02,
730.452,68.08,59.97,60.0,60.0,,75.02,
730.452,68.08,59.97,60.0,60.0,,75.02,
730.452,68.08,59.97,60.0,60.0,,75.02,
730.452,68.08,59.97,60.0,60.0,,75.02,
730.602,68.06,59.97,60.0,60.0,,74.94,
730.602,68.06,59.97,60.0,60.0,,74.94,
730.602,68.06,59.97,60.0,60.0,,74.94,
730.602,68.06,59.97,60.0,60.0,,74.94,
730.602,68.06,59.97,60.0,60.0,,74.94,
730.755,68.04,59.98,60.0,60.0,60.19,74.83,39.72
730.755,68.04,59.98,60.0,60.0,60.19,74.83,39.72
730.755,68.04,59.98,60.0,60.0,60.19,74.83,39.72
730.755,68.04,59.98,60.0,60.0,60.19,74.83,39.72
730.755,68.04,59.98,60.0,60.0,60.19,74.83,39.72
730.755,68.04,59.98,60.0,60.0,60.19,74.83,39.72
730.755,68.04,59.98,60.0,60.0,60.19,74.83,39.72
730.904,68.02,59.98,60.0,60.0,,74.74,
730.904,68.02,59.98,60.0,60.0,,74.74,
730.904,68.02,59.98,60.0,60.0,,74.74,
730.904,68.02,59.98,60.0,60.0,,74.74,
730.904,68.02,59.98,60.0,60.0,,74.74,
731.054,68.02,59.98,60.0,60.0,,74.66,
731.054,68.02,59.98,60.0,60.0,,74.66,
731.054,68.02,59.98,60.0,60.0,,74.66,
731.054,68.02,59.98,60.0,60.0,,74.66,
731.054,68.02,59.98,60.0,60.0,,74.66,
731.204,68.0,59.98,60.0,60.0,60.15,74.55,39.89
731.204,68.0,59.98,60.0,60.0,60.15,74.55,39.89
731.204,68.0,59.98,60.0,60.0,60.15,74.55,39.89
731.204,68.0,59.98,60.0,60.0,60.15,74.55,39.89
731.204,68.0,59.98,60.0,60.0,60.15,74.55,39.89
731.204,68.0,59.98,60.0,60.0,60.15,74.55,39.89
731.204,68.0,59.98,60.0,60.0,60.15,74.55,39.89
731.416,67.98,59.98,60.0,60.0,,74.48,
731.416,67.98,59.98,60.0,60.0,,74.48,
731.416,67.98,59.98,60.0,60.0,,74.48,
731.416,67.98,59.98,60.0,60.0,,74.48,
731.416,67.98,59.98,60.0,60.0,,74.48,
731.539,67.97,59.98,60.0,60.0,,74.39,
731.539,67.97,59.98,60.0,60.0,,74.39,
731.539,67.97,59.98,60.0,60.0,,74.39,
731.539,67.97,59.98,60.0,60.0,,74.39,
731.539,67.97,59.98,60.0,60.0,,74.39,
731.691,67.95,59.98,60.0,60.0,,74.27,
731.691,67.95,59.98,60.0,60.0,,74.27,
731.691,67.95,59.98,60.0,60.0,,74.27,
731.691,67.95,59.98,60.0,60.0,,74.27,
731.691,67.95,59.98,60.0,60.0,,74.27,
731.84,67.94,59.98,60.0,60.0,,74.19,
731.84,67.94,59.98,60.0,60.0,,74.19,
731.84,67.94,59.98,60.0,60.0,,74.19,
731.84,67.94,59.98,60.0,60.0,,74.19,
731.84,67.94,59.98,60.0,60.0,,74.19,
731.99,67.94,59.98,60.0,60.0,60.13,74.11,40.37
731.99,67.94,59.98,60.0,60.0,60.13,74.11,40.37
731.99,67.94,59.98,60.0,60.0,60.13,74.11,40.37
731.99,67.94,59.98,60.0,60.0,60.13,74.11,40.37
731.99,67.94,59.98,60.0,60.0,60.13,74.11,40.37
731.99,67.94,59.98,60.0,60.0,60.13,74.11,40.37
731.99,67.94,59.98,60.0,60.0,60.13,74.11,40.37
732.142,67.93,59.98,60.0,60.0,,74.01,
732.142,67.93,59.98,60.0,60.0,,74.01,
732.142,67.93,59.98,60.0,60.0,,74.01,
732.142,67.93,59.98,60.0,60.0,,74.01,
732.142,67.93,59.98,60.0,60.0,,74.01,
732.29,67.94,59.98,60.0,60.0,,73.93,
732.29,67.94,59.98,60.0,60.0,,73.93,
732.29,67.94,59.98,60.0,60.0,,73.93,
732.29,67.94,59.98,60.0,60.0,,73.93,
732.29,67.94,59.98,60.0,60.0,,73.93,
732.44,67.94,59.98,60.0,60.0,,73.85,
732.44,67.94,59.98,60.0,60.0,,73.85,
732.44,67.94,59.98,60.0,60.0,,73.85,
732.44,67.94,59.98,60.0,60.0,,73.85,
732.44,67.94,59.98,60.0,60.0,,73.85,
732.503,,,,,59.94,,40.51
732.503,,,,,59.94,,40.51
732.591,67.94,59.98,60.0,60.0,,73.74,
732.591,67.94,59.98,60.0,60.0,,73.74,
732.591,67.94,59.98,60.0,60.0,,73.74,
732.591,67.94,59.98,60.0,60.0,,73.74,
732.591,67.94,59.98,60.0,60.0,,73.74,
732.74,67.94,59.98,60.0,60.0,,73.66,
732.74,67.94,59.98,60.0,60.0,,73.66,
732.74,67.94,59.98,60.0,60.0,,73.66,
732.74,67.94,59.98,60.0,60.0,,73.66,
732.74,67.94,59.98,60.0,60.0,,73.66,
732.89,67.94,59.98,60.0,60.0,,73.58,
732.89,67.94,59.98,60.0,60.0,,73.58,
732.89,67.94,59.98,60.0,60.0,,73.58,
732.89,67.94,59.98,60.0,60.0,,73.58,
732.89,67.94,59.98,60.0,60.0,,73.58,
733.041,67.93,59.98,60.0,60.0,,73.48,
733.041,67.93,59.98,60.0,60.0,,73.48,
733.041,67.93,59.98,60.0,60.0,,73.48,
733.041,67.93,59.98,60.0,60.0,,73.48,
733.041,67.93,59.98,60.0,60.0,,73.48,
733.106,,,,,59.91,,40.87
733.106,,,,,59.91,,40.87
733.19,67.92,59.98,60.0,60.0,,73.39,
733.19,67.92,59.98,60.0,60.0,,73.39,
733.19,67.92,59.98,60.0,60.0,,73.39,
733.19,67.92,59.98,60.0,60.0,,73.39,
733.19,67.92,59.98,60.0,60.0,,73.39,
733.34,67.92,59.98,60.0,60.0,,73.32,
733.34,67.92,59.98,60.0,60.0,,73.32,
733.34,67.92,59.98,60.0,60.0,,73.32,
733.34,67.92,59.98,60.0,60.0,,73.32,
733.34,67.92,59.98,60.0,60.0,,73.32,
733.493,67.91,59.98,60.0,60.0,,73.2,
733.493,67.91,59.98,60.0,60.0,,73.2,
733.493,67.91,59.98,60.0,60.0,,73.2,
733.493,67.91,59.98,60.0,60.0,,73.2,
733.493,67.91,59.98,60.0,60.0,,73.2,
733.641,67.92,59.98,60.0,60.0,,73.13,
733.641,67.92,59.98,60.0,60.0,,73.13,
733.641,67.92,59.98,60.0,60.0,,73.13,
733.641,67.92,59.98,60.0,60.0,,73.13,
733.641,67.92,59.98,60.0,60.0,,73.13,
733.7,,,,,59.71,,40.97
733.7,,,,,59.71,,40.97
733.792,67.92,59.98,60.0,60.0,,73.06,
733.792,67.92,59.98,60.0,60.0,,73.06,
733.792,67.92,59.98,60.0,60.0,,73.06,
733.792,67.92,59.98,60.0,60.0,,73.06,
733.792,67.92,59.98,60.0,60.0,,73.06,
733.942,67.93,59.98,60.0,60.0,,72.95,
733.942,67.93,59.98,60.0,60.0,,72.95,
733.942,67.93,59.98,60.0,60.0,,72.95,
733.942,67.93,59.98,60.0,60.0,,72.95,
733.942,67.93,59.98,60.0,60.0,,72.95,
734.092,67.93,59.98,60.0,60.0,,72.88,
734.092,67.93,59.98,60.0,60.0,,72.88,
734.092,67.93,59.98,60.0,60.0,,72.88,
734.092,67.93,59.98,60.0,60.0,,72.88,
734.092,67.93,59.98,60.0,60.0,,72.88,
734.241,67.94,59.98,60.0,60.0,,72.8,
734.241,67.94,59.98,60.0,60.0,,72.8,
734.241,67.94,59.98,60.0,60.0,,72.8,
734.241,67.94,59.98,60.0,60.0,,72.8,
734.241,67.94,59.98,60.0,60.0,,72.8,
734.305,,,,,59.69,,41.36
734.305,,,,,59.69,,41.36
734.395,67.94,59.98,60.0,60.0,,72.7,
734.395,67.94,59.98,60.0,60.0,,72.7,
734.395,67.94,59.98,60.0,60.0,,72.7,
734.395,67.94,59.98,60.0,60.0,,72.7,
734.395,67.94,59.98,60.0,60.0,,72.7,
734.542,67.94,59.98,60.0,60.0,,72.6,
734.542,67.94,59.98,60.0,60.0,,72.6,
734.542,67.94,59.98,60.0,60.0,,72.6,
734.542,67.94,59.98,60.0,60.0,,72.6,
734.542,67.94,59.98,60.0,60.0,,72.6,
734.693,67.95,59.98,60.0,60.0,,72.54,
734.693,67.95,59.98,60.0,60.0,,72.54,
734.693,67.95,59.98,60.0,60.0,,72.54,
734.693,67.95,59.98,60.0,60.0,,72.54,
734.693,67.95,59.98,60.0,60.0,,72.54,
734.847,67.94,59.98,60.0,60.0,,72.44,
734.847,67.94,59.98,60.0,60.0,,72.44,
734.847,67.94,59.98,60.0,60.0,,72.44,
734.847,67.94,59.98,60.0,60.0,,72.44,
734.847,67.94,59.98,60.0,60.0,,72.44,
734.901,,,,,59.7,,41.59
734.901,,,,,59.7,,41.59
734.993,67.94,59.98,60.0,60.0,,72.36,
734.993,67.94,59.98,60.0,60.0,,72.36,
734.993,67.94,59.98,60.0,60.0,,72.36,
734.993,67.94,59.98,60.0,60.0,,72.36,
734.993,67.94,59.98,60.0,60.0,,72.36,
735.142,67.95,59.98,60.0,60.0,,72.28,
735.142,67.95,59.98,60.0,60.0,,72.28,
735.142,67.95,59.98,60.0,60.0,,72.28,
735.142,67.95,59.98,60.0,60.0,,72.28,
735.142,67.95,59.98,60.0,60.0,,72.28,
735.296,67.94,59.98,60.0,60.0,,72.19,
735.296,67.94,59.98,60.0,60.0,,72.19,
735.296,67.94,59.98,60.0,60.0,,72.19,
735.296,67.94,59.98,60.0,60.0,,72.19,
735.296,67.94,59.98,60.0,60.0,,72.19,
735.443,67.94,59.98,60.0,60.0,,72.11,
735.443,67.94,59.98,60.0,60.0,,72.11,
735.443,67.94,59.98,60.0,60.0,,72.11,
735.443,67.94,59.98,60.0,60.0,,72.11,
735.443,67.94,59.98,60.0,60.0,,72.11,
735.501,,,,,59.61,,41.92
735.501,,,,,59.61,,41.92
735.593,67.94,59.98,60.0,60.0,,72.03,
735.593,67.94,59.98,60.0,60.0,,72.03,
735.593,67.94,59.98,60.0,60.0,,72.03,
735.593,67.94,59.98,60.0,60.0,,72.03,
735.593,67.94,59.98,60.0,60.0,,72.03,
735.747,67.94,59.98,60.0,60.0,,71.94,
735.747,67.94,59.98,60.0,60.0,,71.94,
735.747,67.94,59.98,60.0,60.0,,71.94,
735.747,67.94,59.98,60.0,60.0,,71.94,
735.747,67.94,59.98,60.0,60.0,,71.94,
735.893,67.94,59.98,60.0,60.0,,71.84,
735.893,67.94,59.98,60.0,60.0,,71.84,
735.893,67.94,59.98,60.0,60.0,,71.84,
735.893,67.94,59.98,60.0,60.0,,71.84,
735.893,67.94,59.98,60.0,60.0,,71.84,
736.042,67.93,59.98,60.0,60.0,,71.76,
736.042,67.93,59.98,60.0,60.0,,71.76,
736.042,67.93,59.98,60.0,60.0,,71.76,
736.042,67.93,59.98,60.0,60.0,,71.76,
736.042,67.93,59.98,60.0,60.0,,71.76,
736.106,,,,,59.57,,42.07
736.106,,,,,59.57,,42.07
736.197,67.93,59.98,60.0,60.0,,71.67,
736.197,67.93,59.98,60.0,60.0,,71.67,
736.197,67.93,59.98,60.0,60.0,,71.67,
736.197,67.93,59.98,60.0,60.0,,71.67,
736.197,67.93,59.98,60.0,60.0,,71.67,
736.343,67.93,59.98,60.0,60.0,,71.58,
736.343,67.93,59.98,60.0,60.0,,71.58,
736.343,67.93,59.98,60.0,60.0,,71.58,
736.343,67.93,59.98,60.0,60.0,,71.58,
736.343,67.93,59.98,60.0,60.0,,71.58,
736.492,67.92,59.98,60.0,60.0,,71.51,
736.492,67.92,59.98,60.0,60.0,,71.51,
736.492,67.92,59.98,60.0,60.0,,71.51,
736.492,67.92,59.98,60.0,60.0,,71.51,
736.492,67.92,59.98,60.0,60.0,,71.51,
736.648,67.93,59.98,60.0,60.0,,71.44,
736.648,67.93,59.98,60.0,60.0,,71.44,
736.648,67.93,59.98,60.0,60.0,,71.44,
736.648,67.93,59.98,60.0,60.0,,71.44,
736.648,67.93,59.98,60.0,60.0,,71.44,
736.702,,,,,59.57,,42.52
736.702,,,,,59.57,,42.52
736.792,67.93,59.98,60.0,60.0,,71.33,
736.792,67.93,59.98,60.0,60.0,,71.33,
736.792,67.93,59.98,60.0,60.0,,71.33,
736.792,67.93,59.98,60.0,60.0,,71.33,
736.792,67.93,59.98,60.0,60.0,,71.33,
736.942,67.93,59.98,60.0,60.0,,71.27,
736.942,67.93,59.98,60.0,60.0,,71.27,
736.942,67.93,59.98,60.0,60.0,,71.27,
736.942,67.93,59.98,60.0,60.0,,71.27,
736.942,67.93,59.98,60.0,60.0,,71.27,
737.097,67.94,59.98,60.0,60.0,,71.19,
737.097,67.94,59.98,60.0,60.0,,71.19,
737.097,67.94,59.98,60.0,60.0,,71.19,
737.097,67.94,59.98,60.0,60.0,,71.19,
737.097,67.94,59.98,60.0,60.0,,71.19,
737.242,67.95,59.98,60.0,60.0,,71.09,
737.242,67.95,59.98,60.0,60.0,,71.09,
737.242,67.95,59.98,60.0,60.0,,71.09,
737.242,67.95,59.98,60.0,60.0,,71.09,
737.242,67.95,59.98,60.0,60.0,,71.09,
737.307,,,,,59.53,,42.73
737.307,,,,,59.53,,42.73
737.393,67.95,59.98,60.0,60.0,,71.02,
737.393,67.95,59.98,60.0,60.0,,71.02,
737.393,67.95,59.98,60.0,60.0,,71.02,
737.393,67.95,59.98,60.0,60.0,,71.02,
737.393,67.95,59.98,60.0,60.0,,71.02,
737.598,67.96,59.98,60.0,60.0,,70.91,
737.598,67.96,59.98,60.0,60.0,,70.91,
737.598,67.96,59.98,60.0,60.0,,70.91,
737.598,67.96,59.98,60.0,60.0,,70.91,
737.598,67.96,59.98,60.0,60.0,,70.91,
737.748,67.95,59.98,60.0,60.0,,70.81,
737.748,67.95,59.98,60.0,60.0,,70.81,
737.748,67.95,59.98,60.0,60.0,,70.81,
737.748,67.95,59.98,60.0,60.0,,70.81,
737.748,67.95,59.98,60.0,60.0,,70.81,
737.897,67.95,59.98,60.0,60.0,59.55,70.74,42.98
737.897,67.95,59.98,60.0,60.0,59.55,70.74,42.98
737.897,67.95,59.98,60.0,60.0,59.55,70.74,42.98
737.897,67.95,59.98,60.0,60.0,59.55,70.74,42.98
737.897,67.95,59.98,60.0,60.0,59.55,70.74,42.98
737.897,67.95,59.98,60.0,60.0,59.55,70.74,42.98
737.897,67.95,59.98,60.0,60.0,59.55,70.74,42.98
738.048,67.94,59.98,60.0,60.0,,70.65,
738.048,67.94,59.98,60.0,60.0,,70.65,
738.048,67.94,59.98,60.0,60.0,,70.65,
738.048,67.94,59.98,60.0,60.0,,70.65,
738.048,67.94,59.98,60.0,60.0,,70.65,
738.198,67.94,59.98,60.0,60.0,,70.58,
738.198,67.94,59.98,60.0,60.0,,70.58,
738.198,67.94,59.98,60.0,60.0,,70.58,
738.198,67.94,59.98,60.0,60.0,,70.58,
738.198,67.94,59.98,60.0,60.0,,70.58,
738.347,67.93,59.98,60.0,60.0,,70.51,
738.347,67.93,59.98,60.0,60.0,,70.51,
738.347,67.93,59.98,60.0,60.0,,70.51,
738.347,67.93,59.98,60.0,60.0,,70.51,
738.347,67.93,59.98,60.0,60.0,,70.51,
738.498,67.93,59.98,60.0,60.0,59.43,70.42,43.14
738.498,67.93,59.98,60.0,60.0,59.43,70.42,43.14
738.498,67.93,59.98,60.0,60.0,59.43,70.42,43.14
738.498,67.93,59.98,60.0,60.0,59.43,70.42,43.14
738.498,67.93,59.98,60.0,60.0,59.43,70.42,43.14
738.498,67.93,59.98,60.0,60.0,59.43,70.42,43.14
738.498,67.93,59.98,60.0,60.0,59.43,70.42,43.14
738.648,67.94,59.98,60.0,60.0,,70.34,
738.648,67.94,59.98,60.0,60.0,,70.34,
738.648,67.94,59.98,60.0,60.0,,70.34,
738.648,67.94,59.98,60.0,60.0,,70.34,
738.648,67.94,59.98,60.0,60.0,,70.34,
738.797,67.94,59.98,60.0,60.0,,70.27,
738.797,67.94,59.98,60.0,60.0,,70.27,
738.797,67.94,59.98,60.0,60.0,,70.27,
738.797,67.94,59.98,60.0,60.0,,70.27,
738.797,67.94,59.98,60.0,60.0,,70.27,
738.949,67.94,59.98,60.0,60.0,,70.18,
738.949,67.94,59.98,60.0,60.0,,70.18,
738.949,67.94,59.98,60.0,60.0,,70.18,
738.949,67.94,59.98,60.0,60.0,,70.18,
738.949,67.94,59.98,60.0,60.0,,70.18,
739.097,67.94,59.98,60.0,60.0,59.38,70.1,43.43
739.097,67.94,59.98,60.0,60.0,59.38,70.1,43.43
739.097,67.94,59.98,60.0,60.0,59.38,70.1,43.43
739.097,67.94,59.98,60.0,60.0,59.38,70.1,43.43
739.097,67.94,59.98,60.0,60.0,59.38,70.1,43.43
739.097,67.94,59.98,60.0,60.0,59.38,70.1,43.43
739.097,67.94,59.98,60.0,60.0,59.38,70.1,43.43
739.248,67.93,59.98,60.0,60.0,,70.03,
739.248,67.93,59.98,60.0,60.0,,70.03,
739.248,67.93,59.98,60.0,60.0,,70.03,
739.248,67.93,59.98,60.0,60.0,,70.03,
739.248,67.93,59.98,60.0,60.0,,70.03,
739.398,67.93,59.98,60.0,60.0,,69.92,
739.398,67.93,59.98,60.0,60.0,,69.92,
739.398,67.93,59.98,60.0,60.0,,69.92,
739.398,67.93,59.98,60.0,60.0,,69.92,
739.398,67.93,59.98,60.0,60.0,,69.92,
739.547,67.92,59.98,60.0,60.0,,69.85,
739.547,67.92,59.98,60.0,60.0,,69.85,
739.547,67.92,59.98,60.0,60.0,,69.85,
739.547,67.92,59.98,60.0,60.0,,69.85,
739.547,67.92,59.98,60.0,60.0,,69.85,
739.697,67.92,59.98,60.0,60.0,59.4,69.79,43.64
739.697,67.92,59.98,60.0,60.0,59.4,69.79,43.64
739.697,67.92,59.98,60.0,60.0,59.4,69.79,43.64
739.697,67.92,59.98,60.0,60.0,59.4,69.79,43.64
739.697,67.92,59.98,60.0,60.0,59.4,69.79,43.64
739.697,67.92,59.98,60.0,60.0,59.4,69.79,43.64
739.697,67.92,59.98,60.0,60.0,59.4,69.79,43.64
739.849,67.93,59.98,60.0,60.0,,69.69,
739.849,67.93,59.98,60.0,60.0,,69.69,
739.849,67.93,59.98,60.0,60.0,,69.69,
739.849,67.93,59.98,60.0,60.0,,69.69,
739.849,67.93,59.98,60.0,60.0,,69.69,
739.997,67.93,59.98,60.0,60.0,,69.62,
739.997,67.93,59.98,60.0,60.0,,69.62,
739.997,67.93,59.98,60.0,60.0,,69.62,
739.997,67.93,59.98,60.0,60.0,,69.62,
739.997,67.93,59.98,60.0,60.0,,69.62,
740.147,67.94,59.98,60.0,60.0,,69.55,
740.147,67.94,59.98,60.0,60.0,,69.55,
740.147,67.94,59.98,60.0,60.0,,69.55,
740.147,67.94,59.98,60.0,60.0,,69.55,
740.147,67.94,59.98,60.0,60.0,,69.55,
740.298,67.94,59.98,60.0,60.0,59.43,69.45,44.04
740.298,67.94,59.98,60.0,60.0,59.43,69.45,44.04
740.298,67.94,59.98,60.0,60.0,59.43,69.45,44.04
740.298,67.94,59.98,60.0,60.0,59.43,69.45,44.04
740.298,67.94,59.98,60.0,60.0,59.43,69.45,44.04
740.298,67.94,59.98,60.0,60.0,59.43,69.45,44.04
740.298,67.94,59.98,60.0,60.0,59.43,69.45,44.04
740.455,67.95,59.98,60.0,60.0,,69.39,
740.455,67.95,59.98,60.0,60.0,,69.39,
740.455,67.95,59.98,60.0,60.0,,69.39,
740.455,67.95,59.98,60.0,60.0,,69.39,
740.455,67.95,59.98,60.0,60.0,,69.39,
740.597,67.94,59.98,60.0,60.0,,69.32,
740.597,67.94,59.98,60.0,60.0,,69.32,
740.597,67.94,59.98,60.0,60.0,,69.32,
740.597,67.94,59.98,60.0,60.0,,69.32,
740.597,67.94,59.98,60.0,60.0,,69.32,
740.751,67.93,59.98,60.0,60.0,,69.21,
740.751,67.93,59.98,60.0,60.0,,69.21,
740.751,67.93,59.98,60.0,60.0,,69.21,
740.751,67.93,59.98,60.0,60.0,,69.21,
740.751,67.93,59.98,60.0,60.0,,69.21,
740.9,67.93,59.98,60.0,60.0,59.4,69.15,44.19
740.9,67.93,59.98,60.0,60.0,59.4,69.15,44.19
740.9,67.93,59.98,60.0,60.0,59.4,69.15,44.19
740.9,67.93,59.98,60.0,60.0,59.4,69.15,44.19
740.9,67.93,59.98,60.0,60.0,59.4,69.15,44.19
740.9,67.93,59.98,60.0,60.0,59.4,69.15,44.19
740.9,67.93,59.98,60.0,60.0,59.4,69.15,44.19
741.05,67.92,59.98,60.0,60.0,,69.08,
741.05,67.92,59.98,60.0,60.0,,69.08,
741.05,67.92,59.98,60.0,60.0,,69.08,
741.05,67.92,59.98,60.0,60.0,,69.08,
741.05,67.92,59.98,60.0,60.0,,69.08,
741.201,67.93,59.98,60.0,60.0,,68.99,
741.201,67.93,59.98,60.0,60.0,,68.99,
741.201,67.93,59.98,60.0,60.0,,68.99,
741.201,67.93,59.98,60.0,60.0,,68.99,
741.201,67.93,59.98,60.0,60.0,,68.99,
741.35,67.92,59.98,60.0,60.0,,68.92,
741.35,67.92,59.98,60.0,60.0,,68.92,
741.35,67.92,59.98,60.0,60.0,,68.92,
741.35,67.92,59.98,60.0,60.0,,68.92,
741.35,67.92,59.98,60.0,60.0,,68.92,
741.5,67.93,59.98,60.0,60.0,59.33,68.86,44.42
741.5,67.93,59.98,60.0,60.0,59.33,68.86,44.42
741.5,67.93,59.98,60.0,60.0,59.33,68.86,44.42
741.5,67.93,59.98,60.0,60.0,59.33,68.86,44.42
741.5,67.93,59.98,60.0,60.0,59.33,68.86,44.42
741.5,67.93,59.98,60.0,60.0,59.33,68.86,44.42
741.5,67.93,59.98,60.0,60.0,59.33,68.86,44.42
741.651,67.93,59.98,60.0,60.0,,68.76,
741.651,67.93,59.98,60.0,60.0,,68.76,
741.651,67.93,59.98,60.0,60.0,,68.76,
741.651,67.93,59.98,60.0,60.0,,68.76,
741.651,67.93,59.98,60.0,60.0,,68.76,
741.799,67.93,59.98,60.0,60.0,,68.7,
741.799,67.93,59.98,60.0,60.0,,68.7,
741.799,67.93,59.98,60.0,60.0,,68.7,
741.799,67.93,59.98,60.0,60.0,,68.7,
741.799,67.93,59.98,60.0,60.0,,68.7,
741.95,67.93,59.99,60.0,60.0,,68.62,
741.95,67.93,59.99,60.0,60.0,,68.62,
741.95,67.93,59.99,60.0,60.0,,68.62,
741.95,67.93,59.99,60.0,60.0,,68.62,
741.95,67.93,59.99,60.0,60.0,,68.62,
742.1,67.93,59.99,60.0,60.0,59.36,68.54,44.62
742.1,67.93,59.99,60.0,60.0,59.36,68.54,44.62
742.1,67.93,59.99,60.0,60.0,59.36,68.54,44.62
742.1,67.93,59.99,60.0,60.0,59.36,68.54,44.62
742.1,67.93,59.99,60.0,60.0,59.36,68.54,44.62
742.1,67.93,59.99,60.0,60.0,59.36,68.54,44.62
742.1,67.93,59.99,60.0,60.0,59.36,68.54,44.62
742.25,67.93,59.99,60.0,60.0,,68.48,
742.25,67.93,59.99,60.0,60.0,,68.48,
742.25,67.93,59.99,60.0,60.0,,68.48,
742.25,67.93,59.99,60.0,60.0,,68.48,
742.25,67.93,59.99,60.0,60.0,,68.48,
742.399,67.94,59.99,60.0,60.0,,68.42,
742.399,67.94,59.99,60.0,60.0,,68.42,
742.399,67.94,59.99,60.0,60.0,,68.42,
742.399,67.94,59.99,60.0,60.0,,68.42,
742.399,67.94,59.99,60.0,60.0,,68.42,
742.55,67.93,59.99,60.0,60.0,,68.32,
742.55,67.93,59.99,60.0,60.0,,68.32,
742.55,67.93,59.99,60.0,60.0,,68.32,
742.55,67.93,59.99,60.0,60.0,,68.32,
742.55,67.93,59.99,60.0,60.0,,68.32,
742.699,67.94,59.99,60.0,60.0,59.37,68.24,44.87
742.699,67.94,59.99,60.0,60.0,59.37,68.24,44.87
742.699,67.94,59.99,60.0,60.0,59.37,68.24,44.87
742.699,67.94,59.99,60.0,60.0,59.37,68.24,44.87
742.699,67.94,59.99,60.0,60.0,59.37,68.24,44.87
742.699,67.94,59.99,60.0,60.0,59.37,68.24,44.87
742.699,67.94,59.99,60.0,60.0,59.37,68.24,44.87
743.202,,,,,59.37,,45.06
743.202,,,,,59.37,,45.06
743.85,,,,,59.45,,45.37
743.85,,,,,59.45,,45.37
744.517,,,,,59.45,,45.53
744.517,,,,,59.45,,45.53
745.057,,,,,59.46,,45.71
745.057,,,,,59.46,,45.71
745.658,,,,,59.48,,45.91
745.658,,,,,59.48,,45.91
746.229,,,,,59.4,,46.14
746.229,,,,,59.4,,46.14
746.801,,,,,59.44,,46.27
746.801,,,,,59.44,,46.27
747.402,,,,,59.47,,46.55
747.402,,,,,59.47,,46.55
748.004,,,,,59.53,,46.58
748.004,,,,,59.53,,46.58
748.609,,,,,59.57,,46.99
748.609,,,,,59.57,,46.99
749.208,,,,,59.5,,46.99
749.208,,,,,59.5,,46.99
749.808,,,,,59.47,,47.21
749.808,,,,,59.47,,47.21
750.412,,,,,59.56,,47.39
750.412,,,,,59.56,,47.39
751.008,,,,,59.55,,47.67
751.008,,,,,59.55,,47.67
751.608,,,,,59.52,,47.65
751.608,,,,,59.52,,47.65
752.212,,,,,59.6,,47.86
752.212,,,,,59.6,,47.86
752.808,,,,,59.54,,47.95
752.808,,,,,59.54,,47.95
753.424,,,,,59.63,,48.25
753.424,,,,,59.63,,48.25
754.013,,,,,59.53,,48.3
754.013,,,,,59.53,,48.3
754.687,,,,,59.64,,48.54
754.687,,,,,59.64,,48.54
755.26,,,,,59.64,,48.59
755.26,,,,,59.64,,48.59
755.829,,,,,59.6,,48.77
755.829,,,,,59.6,,48.77
756.433,,,,,59.64,,48.88
756.433,,,,,59.64,,48.88
756.973,,,,,59.54,,48.95
756.973,,,,,59.54,,48.95
757.657,,,,,59.6,,49.11
757.657,,,,,59.6,,49.11
757.987,,,,,59.47,,49.28
757.987,,,,,59.47,,49.28
758.837,,,,,59.52,,49.31
758.837,,,,,59.52,,49.31
759.46,,,,,59.49,,49.42
759.46,,,,,59.49,,49.42
760.006,,,,,59.53,,49.57
760.006,,,,,59.53,,49.57
760.507,,,,,54.97,,50.72
760.507,,,,,54.97,,50.72
831.118,,,,,54.99,,50.71
831.118,,,,,54.99,,50.71
831.322,,,,,54.54,,50.14
831.322,,,,,54.54,,50.14
836.65,,,,,54.56,,50.27
836.65,,,,,54.56,,50.27
837.217,,,,,54.43,,50.05
837.217,,,,,54.43,,50.05
837.667,,,,,41.84,,37.95
837.667,,,,,41.84,,37.95
